254f4035bff2bd85 ,53516939255 ,-6.836294 ,-6.640083 ,-1.2777673 ,3 ,Acc ,1
254f4035bff2bd85 ,53662447068 ,-6.74776 ,-7.3459654 ,-1.0480564 ,3 ,Acc ,1
254f4035bff2bd85 ,53769136521 ,-6.7405815 ,-7.109076 ,-0.3493521 ,3 ,Acc ,1
254f4035bff2bd85 ,53875948044 ,-6.623333 ,-9.267402 ,0.8877372 ,3 ,Acc ,1
254f4035bff2bd85 ,53982637497 ,-6.4821568 ,-1.2514462 ,4.962714 ,3 ,Acc ,1
254f4035bff2bd85 ,54089326950 ,-6.4821568 ,1.9166509 ,5.8097734 ,3 ,Acc ,1
254f4035bff2bd85 ,54196138474 ,-6.8195443 ,2.199004 ,6.474978 ,3 ,Acc ,1
254f4035bff2bd85 ,54302827927 ,-6.6735826 ,2.3449662 ,7.085148 ,3 ,Acc ,1
254f4035bff2bd85 ,54409517380 ,-6.6568327 ,4.342973 ,6.7764735 ,3 ,Acc ,1
254f4035bff2bd85 ,54516206833 ,-7.350751 ,-4.4051867 ,4.5008993 ,3 ,Acc ,1
254f4035bff2bd85 ,54622996237 ,-6.8506513 ,-7.1688967 ,1.2634103 ,3 ,Acc ,1
254f4035bff2bd85 ,54836375143 ,-6.8315086 ,-6.7334027 ,-3.07717 ,3 ,Acc ,1
254f4035bff2bd85 ,55049876119 ,-6.7094746 ,-7.3052874 ,-1.5218352 ,3 ,Acc ,1
254f4035bff2bd85 ,55156565573 ,-6.0634127 ,-7.3340015 ,-0.86859465 ,3 ,Acc ,1
254f4035bff2bd85 ,55263255026 ,-6.463014 ,-7.1952176 ,-2.6751757 ,3 ,Acc ,1
254f4035bff2bd85 ,55370066549 ,-6.6089764 ,-7.21436 ,-2.0578275 ,3 ,Acc ,1
254f4035bff2bd85 ,55583445455 ,-6.5084777 ,-7.097112 ,-1.8113668 ,3 ,Acc ,1
254f4035bff2bd85 ,55903635885 ,-6.910472 ,-6.5682983 ,-0.14356937 ,3 ,Acc ,1
254f4035bff2bd85 ,56010447408 ,-7.539784 ,-6.879365 ,0.39720857 ,3 ,Acc ,1
254f4035bff2bd85 ,56117136862 ,-7.173682 ,-6.3744793 ,0.74177504 ,3 ,Acc ,1
254f4035bff2bd85 ,56223826315 ,-7.635497 ,-6.8075805 ,1.268196 ,3 ,Acc ,1
254f4035bff2bd85 ,56330515768 ,-7.4823565 ,-5.9246287 ,0.93320084 ,3 ,Acc ,1
254f4035bff2bd85 ,56427561666 ,-7.2765737 ,-6.24766 ,1.0935199 ,3 ,Acc ,1
254f4035bff2bd85 ,56544016744 ,-7.422536 ,-6.2285175 ,1.9357935 ,3 ,Acc ,1
254f4035bff2bd85 ,56650685472 ,-7.5637126 ,-6.8219376 ,1.2203395 ,3 ,Acc ,1
254f4035bff2bd85 ,56757496995 ,-7.446464 ,-4.2017965 ,3.751946 ,3 ,Acc ,1
254f4035bff2bd85 ,56864186448 ,-7.786245 ,-3.0436704 ,4.347759 ,3 ,Acc ,1
254f4035bff2bd85 ,56961232347 ,-8.446664 ,-1.9764715 ,3.237489 ,3 ,Acc ,1
254f4035bff2bd85 ,57067921800 ,-8.212168 ,-0.39720857 ,5.1589255 ,3 ,Acc ,1
254f4035bff2bd85 ,57174611253 ,-7.6809607 ,-0.5024927 ,6.302695 ,3 ,Acc ,1
254f4035bff2bd85 ,57281422776 ,-7.530213 ,-0.27517462 ,6.3457656 ,3 ,Acc ,1
254f4035bff2bd85 ,57388112229 ,-7.3698936 ,-0.148355 ,6.9702926 ,3 ,Acc ,1
254f4035bff2bd85 ,57601491136 ,-7.3028946 ,-0.9403793 ,6.6831536 ,3 ,Acc ,1
254f4035bff2bd85 ,57708302659 ,-7.283752 ,-0.89013004 ,6.6041903 ,3 ,Acc ,1
254f4035bff2bd85 ,57814992112 ,-7.3268228 ,-0.28953153 ,6.5515485 ,3 ,Acc ,1
254f4035bff2bd85 ,57921681565 ,-7.542177 ,-0.33020952 ,6.2955165 ,3 ,Acc ,1
254f4035bff2bd85 ,58028493089 ,-7.628319 ,-0.45942193 ,6.0658054 ,3 ,Acc ,1
254f4035bff2bd85 ,58135182542 ,-7.587641 ,-0.09332009 ,6.192625 ,3 ,Acc ,1
254f4035bff2bd85 ,58241871995 ,-7.487142 ,0.023928227 ,6.364908 ,3 ,Acc ,1
254f4035bff2bd85 ,58348561448 ,-7.4679995 ,0.15074782 ,6.8099732 ,3 ,Acc ,1
254f4035bff2bd85 ,58455372972 ,-7.771888 ,-0.7920243 ,6.7669024 ,3 ,Acc ,1
254f4035bff2bd85 ,58552418870 ,-7.9011 ,1.2921243 ,5.85763 ,3 ,Acc ,1
254f4035bff2bd85 ,58659086630 ,-8.025527 ,-0.04546363 ,5.197211 ,3 ,Acc ,1
254f4035bff2bd85 ,58765776083 ,-7.8723865 ,0.85902333 ,5.541777 ,3 ,Acc ,1
254f4035bff2bd85 ,58872465536 ,-7.372287 ,1.5002998 ,7.190432 ,3 ,Acc ,1
254f4035bff2bd85 ,58979277060 ,-7.2789664 ,0.97866446 ,7.456035 ,3 ,Acc ,1
254f4035bff2bd85 ,59192655966 ,-7.649854 ,0.7800602 ,5.757131 ,3 ,Acc ,1
254f4035bff2bd85 ,59299467489 ,-7.4129643 ,0.2536392 ,6.472585 ,3 ,Acc ,1
254f4035bff2bd85 ,59406156943 ,-7.1569324 ,0.6771688 ,7.853244 ,3 ,Acc ,1
254f4035bff2bd85 ,59512846396 ,-7.2287173 ,0.485743 ,6.8506513 ,3 ,Acc ,1
254f4035bff2bd85 ,59619535849 ,-7.3172517 ,0.22013968 ,6.62094 ,3 ,Acc ,1
254f4035bff2bd85 ,59726347372 ,-7.4033933 ,-0.050249275 ,6.5898337 ,3 ,Acc ,1
254f4035bff2bd85 ,59833036825 ,-7.6307116 ,0.17467605 ,5.8624153 ,3 ,Acc ,1
254f4035bff2bd85 ,59939726279 ,-7.661818 ,0.7968099 ,5.946164 ,3 ,Acc ,1
254f4035bff2bd85 ,60046537802 ,-7.834101 ,0.3900301 ,7.1569324 ,3 ,Acc ,1
254f4035bff2bd85 ,60153227255 ,-7.5230346 ,0.4833502 ,6.9056864 ,3 ,Acc ,1
254f4035bff2bd85 ,60259916708 ,-7.4153576 ,0.39960137 ,6.678368 ,3 ,Acc ,1
254f4035bff2bd85 ,60356962607 ,-7.4273214 ,0.32063824 ,6.6352973 ,3 ,Acc ,1
254f4035bff2bd85 ,60463652060 ,-7.379465 ,0.25603202 ,7.0372915 ,3 ,Acc ,1
254f4035bff2bd85 ,60570463583 ,-7.32443 ,1.538585 ,6.7740808 ,3 ,Acc ,1
254f4035bff2bd85 ,60677132919 ,-7.987242 ,0.701097 ,5.477171 ,3 ,Acc ,1
254f4035bff2bd85 ,60783822372 ,-7.556534 ,0.60777694 ,6.6999035 ,3 ,Acc ,1
254f4035bff2bd85 ,60890633896 ,-7.597212 ,1.7563318 ,6.0825553 ,3 ,Acc ,1
254f4035bff2bd85 ,60997323349 ,-7.7407813 ,1.2801601 ,5.5369916 ,3 ,Acc ,1
254f4035bff2bd85 ,61104012802 ,-7.7383885 ,1.1389836 ,6.6424756 ,3 ,Acc ,1
254f4035bff2bd85 ,61210702255 ,-7.5110703 ,1.3615161 ,6.2404814 ,3 ,Acc ,1
254f4035bff2bd85 ,61317513779 ,-7.3698936 ,0.95712906 ,6.587441 ,3 ,Acc ,1
254f4035bff2bd85 ,61424203232 ,-7.436893 ,0.97866446 ,6.029913 ,3 ,Acc ,1
254f4035bff2bd85 ,61530892685 ,-7.52782 ,0.997807 ,6.235696 ,3 ,Acc ,1
254f4035bff2bd85 ,61637704208 ,-7.649854 ,0.7082755 ,6.290731 ,3 ,Acc ,1
254f4035bff2bd85 ,61734628037 ,-7.7503524 ,2.1008983 ,6.0323057 ,3 ,Acc ,1
254f4035bff2bd85 ,61841439560 ,-7.932207 ,5.6997037 ,4.5535417 ,3 ,Acc ,1
254f4035bff2bd85 ,61948129013 ,-7.003792 ,-3.9960139 ,0.9236295 ,3 ,Acc ,1
254f4035bff2bd85 ,62054818466 ,-7.1952176 ,-7.984849 ,-4.8191447 ,3 ,Acc ,1
254f4035bff2bd85 ,62161629990 ,-7.0133634 ,-11.533405 ,-4.855037 ,3 ,Acc ,1
254f4035bff2bd85 ,62268319443 ,-6.9320073 ,11.126625 ,3.2087753 ,3 ,Acc ,1
254f4035bff2bd85 ,62375008896 ,-7.0301127 ,0.8255238 ,6.9942207 ,3 ,Acc ,1
254f4035bff2bd85 ,62481698349 ,-6.8985076 ,-13.076776 ,-2.469393 ,3 ,Acc ,1
254f4035bff2bd85 ,62588509872 ,-10.717453 ,-7.405786 ,4.15394 ,3 ,Acc ,1
254f4035bff2bd85 ,62695179797 ,-9.868001 ,-7.6426754 ,0.40677986 ,3 ,Acc ,1
254f4035bff2bd85 ,62801869250 ,-9.097511 ,3.9314077 ,-2.0865414 ,3 ,Acc ,1
254f4035bff2bd85 ,62908680773 ,-0.086141616 ,-4.546363 ,4.898108 ,3 ,Acc ,1
254f4035bff2bd85 ,63015370226 ,4.735396 ,25.043282 ,6.6089764 ,3 ,Acc ,1
254f4035bff2bd85 ,63122059679 ,-9.781859 ,-0.77766734 ,-8.800801 ,3 ,Acc ,1
254f4035bff2bd85 ,63442250109 ,1.2658032 ,-2.210968 ,11.181661 ,3 ,Acc ,1
254f4035bff2bd85 ,63548939562 ,2.8929226 ,-6.6185474 ,7.594819 ,3 ,Acc ,1
254f4035bff2bd85 ,63655751086 ,4.273581 ,-14.471791 ,7.6713896 ,3 ,Acc ,1
254f4035bff2bd85 ,63762440539 ,-0.70348984 ,-9.645468 ,6.3194447 ,3 ,Acc ,1
254f4035bff2bd85 ,63869129992 ,-4.910072 ,-7.2550383 ,7.472785 ,3 ,Acc ,1
254f4035bff2bd85 ,63975941515 ,-4.3669014 ,-10.004392 ,-0.49052864 ,3 ,Acc ,1
254f4035bff2bd85 ,64082630968 ,-1.4931214 ,-8.628518 ,5.2570314 ,3 ,Acc ,1
254f4035bff2bd85 ,64189320422 ,-3.359523 ,-12.7393875 ,5.367101 ,3 ,Acc ,1
254f4035bff2bd85 ,64296009875 ,-6.943971 ,6.166304 ,11.289337 ,3 ,Acc ,1
254f4035bff2bd85 ,64402821398 ,0.4211368 ,-3.0556345 ,-3.5198421 ,3 ,Acc ,1
254f4035bff2bd85 ,64509510851 ,-3.4025939 ,-9.3200445 ,1.1006985 ,3 ,Acc ,1
254f4035bff2bd85 ,64616200304 ,-2.103291 ,-4.749753 ,4.2520456 ,3 ,Acc ,1
254f4035bff2bd85 ,64722993726 ,2.225325 ,-5.089534 ,6.13759 ,3 ,Acc ,1
254f4035bff2bd85 ,64829683179 ,5.369494 ,-7.2358956 ,7.1162543 ,3 ,Acc ,1
254f4035bff2bd85 ,64936372632 ,8.487342 ,6.2404814 ,10.57149 ,3 ,Acc ,1
254f4035bff2bd85 ,65043062085 ,7.056434 ,1.550549 ,8.23131 ,3 ,Acc ,1
254f4035bff2bd85 ,65149873609 ,5.4221363 ,5.316852 ,8.353344 ,3 ,Acc ,1
254f4035bff2bd85 ,65256563062 ,5.5633125 ,-0.74177504 ,-0.038285162 ,3 ,Acc ,1
254f4035bff2bd85 ,65363252515 ,2.376073 ,4.9842496 ,7.5637126 ,3 ,Acc ,1
254f4035bff2bd85 ,65470064038 ,2.5603201 ,-8.855837 ,2.9431717 ,3 ,Acc ,1
254f4035bff2bd85 ,65576753491 ,9.561719 ,-8.851051 ,4.8622155 ,3 ,Acc ,1
254f4035bff2bd85 ,65683442945 ,9.542577 ,-7.051648 ,3.2805598 ,3 ,Acc ,1
254f4035bff2bd85 ,65790254468 ,6.501299 ,-3.6514473 ,4.5415773 ,3 ,Acc ,1
254f4035bff2bd85 ,65896943921 ,10.047462 ,-6.3601227 ,5.65424 ,3 ,Acc ,1
254f4035bff2bd85 ,66003633374 ,7.537391 ,-5.0416775 ,3.1274192 ,3 ,Acc ,1
254f4035bff2bd85 ,66110322827 ,6.6831536 ,-4.84068 ,2.3234308 ,3 ,Acc ,1
254f4035bff2bd85 ,66217134351 ,7.8173513 ,-4.8885365 ,1.7036897 ,3 ,Acc ,1
254f4035bff2bd85 ,66323823804 ,10.305887 ,-5.9964137 ,1.3830515 ,3 ,Acc ,1
254f4035bff2bd85 ,66430513257 ,8.851051 ,-7.7671022 ,-0.1268196 ,3 ,Acc ,1
254f4035bff2bd85 ,66537324781 ,8.683554 ,-5.1254263 ,3.266203 ,3 ,Acc ,1
254f4035bff2bd85 ,66643996248 ,7.4010005 ,-6.9128647 ,1.3447664 ,3 ,Acc ,1
254f4035bff2bd85 ,66750685701 ,7.1449685 ,-5.4053864 ,-0.033499517 ,3 ,Acc ,1
254f4035bff2bd85 ,66857497224 ,6.640083 ,-6.778867 ,-0.4546363 ,3 ,Acc ,1
254f4035bff2bd85 ,66964186677 ,4.254439 ,-6.3385873 ,-0.66759753 ,3 ,Acc ,1
254f4035bff2bd85 ,67070876130 ,3.1274192 ,-6.984649 ,0.07178468 ,3 ,Acc ,1
254f4035bff2bd85 ,67177565584 ,3.0556345 ,-8.123632 ,-0.1698904 ,3 ,Acc ,1
254f4035bff2bd85 ,67284377107 ,3.4887354 ,-8.609376 ,-1.442872 ,3 ,Acc ,1
254f4035bff2bd85 ,67391066560 ,5.3910294 ,-8.391629 ,-3.0125637 ,3 ,Acc ,1
254f4035bff2bd85 ,67497756013 ,3.7615173 ,-8.688339 ,-3.4097722 ,3 ,Acc ,1
254f4035bff2bd85 ,67604567537 ,1.0671989 ,-8.623733 ,-2.6249263 ,3 ,Acc ,1
254f4035bff2bd85 ,67711256990 ,0.44506502 ,-8.626125 ,-2.9048867 ,3 ,Acc ,1
254f4035bff2bd85 ,67817946443 ,0.23688944 ,-8.338987 ,-3.0293136 ,3 ,Acc ,1
254f4035bff2bd85 ,67924635896 ,1.0815558 ,-9.008977 ,-3.2350962 ,3 ,Acc ,1
254f4035bff2bd85 ,68031447420 ,1.5457634 ,-9.133404 ,-2.9048867 ,3 ,Acc ,1
254f4035bff2bd85 ,68138136873 ,4.462614 ,-10.303494 ,-1.5553347 ,3 ,Acc ,1
254f4035bff2bd85 ,68264235505 ,7.4129643 ,-7.7096744 ,0.30867413 ,3 ,Acc ,1
254f4035bff2bd85 ,68574782380 ,8.152347 ,-8.482556 ,1.0504491 ,3 ,Acc ,1
254f4035bff2bd85 ,68681454698 ,7.4105716 ,-12.057433 ,0.28953153 ,3 ,Acc ,1
254f4035bff2bd85 ,68788144151 ,0.45224348 ,-4.517649 ,0.42592242 ,3 ,Acc ,1
254f4035bff2bd85 ,68894955674 ,-5.5202417 ,7.257431 ,-14.103296 ,3 ,Acc ,1
254f4035bff2bd85 ,69001645127 ,14.316257 ,-4.0103707 ,-12.832707 ,3 ,Acc ,1
254f4035bff2bd85 ,69108334580 ,15.615561 ,-15.976877 ,-4.5152564 ,3 ,Acc ,1
254f4035bff2bd85 ,69215024034 ,5.3766723 ,-7.8173513 ,2.0075781 ,3 ,Acc ,1
254f4035bff2bd85 ,69321835557 ,2.9575288 ,-10.265209 ,-0.7298109 ,3 ,Acc ,1
254f4035bff2bd85 ,69428525010 ,6.6089764 ,-9.97807 ,-11.021341 ,3 ,Acc ,1
254f4035bff2bd85 ,69535214463 ,3.900301 ,-0.5383851 ,-12.746566 ,3 ,Acc ,1
254f4035bff2bd85 ,69642025987 ,-1.5026926 ,7.692925 ,-18.570696 ,3 ,Acc ,1
254f4035bff2bd85 ,69738949815 ,2.1942184 ,-6.8075805 ,2.684747 ,3 ,Acc ,1
254f4035bff2bd85 ,69865170518 ,13.064812 ,-21.451654 ,-1.1772687 ,3 ,Acc ,1
254f4035bff2bd85 ,69971859971 ,1.3208381 ,-6.838687 ,3.5270207 ,3 ,Acc ,1
254f4035bff2bd85 ,70078549424 ,1.8185452 ,-16.823936 ,10.293923 ,3 ,Acc ,1
254f4035bff2bd85 ,70185360948 ,5.54417 ,-8.886943 ,13.287344 ,3 ,Acc ,1
254f4035bff2bd85 ,70389096299 ,-14.88575 ,23.688944 ,-6.4175506 ,3 ,Acc ,1
254f4035bff2bd85 ,70709270205 ,3.0987053 ,-1.4452649 ,3.9673 ,3 ,Acc ,1
254f4035bff2bd85 ,70815959658 ,7.8293157 ,-14.924035 ,-3.7686956 ,3 ,Acc ,1
254f4035bff2bd85 ,70922649111 ,-6.45105 ,-17.728422 ,-15.603597 ,3 ,Acc ,1
254f4035bff2bd85 ,71029460635 ,-5.7116675 ,-4.613362 ,-12.162718 ,3 ,Acc ,1
254f4035bff2bd85 ,71136150088 ,-4.412365 ,7.795816 ,-11.222338 ,3 ,Acc ,1
254f4035bff2bd85 ,71242839541 ,-7.3435726 ,3.199204 ,2.7756743 ,3 ,Acc ,1
254f4035bff2bd85 ,71349528994 ,24.248865 ,-14.289937 ,-17.541782 ,3 ,Acc ,1
254f4035bff2bd85 ,71456340517 ,5.5633125 ,-5.946164 ,-5.845666 ,3 ,Acc ,1
254f4035bff2bd85 ,71563029970 ,1.105484 ,-3.6897326 ,-6.053841 ,3 ,Acc ,1
254f4035bff2bd85 ,71669719424 ,-1.6941184 ,-11.251052 ,-5.2977095 ,3 ,Acc ,1
254f4035bff2bd85 ,71776530947 ,-0.04546363 ,-17.72603 ,4.668397 ,3 ,Acc ,1
254f4035bff2bd85 ,71883220400 ,1.026521 ,3.818945 ,13.366307 ,3 ,Acc ,1
254f4035bff2bd85 ,71989909853 ,-2.0410776 ,9.638289 ,13.095919 ,3 ,Acc ,1
254f4035bff2bd85 ,72096721377 ,14.167903 ,-24.665216 ,8.154739 ,3 ,Acc ,1
254f4035bff2bd85 ,72203410830 ,-2.510071 ,-1.9334008 ,0.87338024 ,3 ,Acc ,1
254f4035bff2bd85 ,72310100283 ,-13.966906 ,20.772093 ,-4.7712884 ,3 ,Acc ,1
254f4035bff2bd85 ,72416789736 ,25.174887 ,-21.865614 ,12.19861 ,3 ,Acc ,1
254f4035bff2bd85 ,72523601260 ,0.69152576 ,-8.331808 ,-0.21774685 ,3 ,Acc ,1
254f4035bff2bd85 ,72630290713 ,0.124426775 ,-4.2352962 ,-1.1437693 ,3 ,Acc ,1
254f4035bff2bd85 ,72736964379 ,3.0963125 ,-14.5818615 ,-0.22731815 ,3 ,Acc ,1
254f4035bff2bd85 ,72843775902 ,0.29910284 ,-14.179867 ,1.9405792 ,3 ,Acc ,1
254f4035bff2bd85 ,72950465355 ,-0.849452 ,-10.588241 ,8.020741 ,3 ,Acc ,1
254f4035bff2bd85 ,73057154808 ,15.048462 ,-12.655639 ,-9.702896 ,3 ,Acc ,1
254f4035bff2bd85 ,73163844262 ,15.9840555 ,-16.32862 ,-28.065416 ,3 ,Acc ,1
254f4035bff2bd85 ,73270655785 ,2.7349963 ,-5.716453 ,-4.6803613 ,3 ,Acc ,1
254f4035bff2bd85 ,73377345238 ,-3.9146578 ,-7.1306114 ,2.8378878 ,3 ,Acc ,1
254f4035bff2bd85 ,73484034691 ,-10.10489 ,13.670196 ,23.18406 ,3 ,Acc ,1
254f4035bff2bd85 ,73590846215 ,29.359934 ,-16.941185 ,19.604397 ,3 ,Acc ,1
254f4035bff2bd85 ,73697535668 ,3.979264 ,-7.1306114 ,-5.139783 ,3 ,Acc ,1
254f4035bff2bd85 ,73804225121 ,3.4408789 ,-5.168497 ,-0.0047856453 ,3 ,Acc ,1
254f4035bff2bd85 ,73911036644 ,3.3236306 ,-10.810773 ,0.45942193 ,3 ,Acc ,1
254f4035bff2bd85 ,74017726098 ,-0.9284152 ,-17.223537 ,3.7088752 ,3 ,Acc ,1
254f4035bff2bd85 ,74124415551 ,-5.871987 ,-13.2921295 ,1.4835501 ,3 ,Acc ,1
254f4035bff2bd85 ,74231105004 ,-5.4484572 ,-2.2277179 ,-6.8602223 ,3 ,Acc ,1
254f4035bff2bd85 ,74337916527 ,-4.895715 ,10.2317095 ,-17.867207 ,3 ,Acc ,1
254f4035bff2bd85 ,74444605980 ,34.35136 ,1.0360922 ,-25.09353 ,3 ,Acc ,1
254f4035bff2bd85 ,74551295433 ,19.288544 ,-13.904693 ,-4.199404 ,3 ,Acc ,1
254f4035bff2bd85 ,74658106957 ,17.824137 ,-10.27478 ,3.548556 ,3 ,Acc ,1
254f4035bff2bd85 ,74764781901 ,12.165111 ,-2.684747 ,3.912265 ,3 ,Acc ,1
254f4035bff2bd85 ,74871471354 ,10.035499 ,1.8089739 ,-2.8713872 ,3 ,Acc ,1
254f4035bff2bd85 ,74978282878 ,19.470398 ,-2.4526432 ,7.1066833 ,3 ,Acc ,1
254f4035bff2bd85 ,75075206706 ,38.143986 ,-6.8458657 ,11.552547 ,3 ,Acc ,1
254f4035bff2bd85 ,75182018229 ,8.932407 ,-13.60559 ,3.2015967 ,3 ,Acc ,1
254f4035bff2bd85 ,75288707682 ,6.6855464 ,-14.892928 ,2.6344976 ,3 ,Acc ,1
254f4035bff2bd85 ,75395397135 ,0.023928227 ,-4.5678983 ,-3.656233 ,3 ,Acc ,1
254f4035bff2bd85 ,75502208659 ,-0.61734825 ,-0.28713873 ,-5.460421 ,3 ,Acc ,1
254f4035bff2bd85 ,75715587565 ,19.190437 ,-10.351351 ,-4.1635113 ,3 ,Acc ,1
254f4035bff2bd85 ,76142467448 ,3.266203 ,-4.019942 ,1.6821543 ,3 ,Acc ,1
254f4035bff2bd85 ,76249278971 ,4.709075 ,14.861821 ,-0.55752766 ,3 ,Acc ,1
254f4035bff2bd85 ,76355968424 ,17.403 ,-17.685352 ,-7.396215 ,3 ,Acc ,1
254f4035bff2bd85 ,76462657878 ,7.688139 ,-19.250257 ,-6.6161547 ,3 ,Acc ,1
254f4035bff2bd85 ,76569469401 ,0.79920274 ,-7.649854 ,1.8664017 ,3 ,Acc ,1
254f4035bff2bd85 ,76676144873 ,4.0031924 ,-17.249859 ,5.460421 ,3 ,Acc ,1
254f4035bff2bd85 ,76782834326 ,-3.1369905 ,-7.9393854 ,1.026521 ,3 ,Acc ,1
254f4035bff2bd85 ,76889523779 ,-3.1082766 ,-0.89730847 ,-0.7704889 ,3 ,Acc ,1
254f4035bff2bd85 ,76996335303 ,1.1820544 ,0.25124636 ,-4.5296135 ,3 ,Acc ,1
254f4035bff2bd85 ,77103024756 ,24.729822 ,-4.6037908 ,-2.6464617 ,3 ,Acc ,1
254f4035bff2bd85 ,77209714209 ,16.488941 ,-6.5659056 ,5.9437714 ,3 ,Acc ,1
254f4035bff2bd85 ,77316525733 ,10.925629 ,-4.7808595 ,3.1896327 ,3 ,Acc ,1
254f4035bff2bd85 ,77423215186 ,13.4022 ,-5.407779 ,-3.062813 ,3 ,Acc ,1
254f4035bff2bd85 ,77529904639 ,8.477771 ,-3.8285162 ,-4.3357944 ,3 ,Acc ,1
254f4035bff2bd85 ,77636716162 ,6.8578296 ,-2.321038 ,-4.065406 ,3 ,Acc ,1
254f4035bff2bd85 ,77743405615 ,12.856636 ,-8.188239 ,-2.091327 ,3 ,Acc ,1
254f4035bff2bd85 ,77850095068 ,25.808985 ,-4.7832522 ,1.6630118 ,3 ,Acc ,1
254f4035bff2bd85 ,77956784522 ,13.938192 ,-0.8542377 ,1.0049855 ,3 ,Acc ,1
254f4035bff2bd85 ,78063596045 ,2.6512475 ,-2.5746772 ,1.68694 ,3 ,Acc ,1
254f4035bff2bd85 ,78170285498 ,-0.0741775 ,-1.9884356 ,6.458228 ,3 ,Acc ,1
254f4035bff2bd85 ,78276974951 ,-0.526421 ,2.0745773 ,8.216953 ,3 ,Acc ,1
254f4035bff2bd85 ,78383786475 ,3.7184465 ,-0.6125626 ,9.690931 ,3 ,Acc ,1
254f4035bff2bd85 ,78490475928 ,8.243274 ,-1.6366907 ,2.0051854 ,3 ,Acc ,1
254f4035bff2bd85 ,78597165381 ,12.150753 ,-10.552348 ,5.5776696 ,3 ,Acc ,1
254f4035bff2bd85 ,78703962788 ,-0.17467605 ,-14.947963 ,-7.752745 ,3 ,Acc ,1
254f4035bff2bd85 ,78810652242 ,-0.124426775 ,-13.3687 ,-3.1800613 ,3 ,Acc ,1
254f4035bff2bd85 ,78917341695 ,2.3665016 ,-16.859829 ,-3.9601214 ,3 ,Acc ,1
254f4035bff2bd85 ,79024031148 ,-2.8139594 ,-0.8877372 ,-4.9363933 ,3 ,Acc ,1
254f4035bff2bd85 ,79130842671 ,-7.018149 ,2.6416762 ,-3.5198421 ,3 ,Acc ,1
254f4035bff2bd85 ,79237532124 ,16.974684 ,-10.856236 ,-14.177474 ,3 ,Acc ,1
254f4035bff2bd85 ,79344221577 ,1.4835501 ,-13.2514515 ,-3.7998023 ,3 ,Acc ,1
254f4035bff2bd85 ,79451033101 ,2.6344976 ,-9.628718 ,-4.3262234 ,3 ,Acc ,1
254f4035bff2bd85 ,79557722554 ,4.0797625 ,-7.271788 ,-6.367301 ,3 ,Acc ,1
254f4035bff2bd85 ,79664412007 ,4.8526444 ,-6.6185474 ,-9.274581 ,3 ,Acc ,1
254f4035bff2bd85 ,79771223531 ,7.219146 ,-7.152147 ,-11.382657 ,3 ,Acc ,1
254f4035bff2bd85 ,79877912984 ,6.0083776 ,-5.6039906 ,-14.455042 ,3 ,Acc ,1
254f4035bff2bd85 ,79984602437 ,0.62452674 ,-0.4331009 ,-10.796415 ,3 ,Acc ,1
254f4035bff2bd85 ,80091291890 ,-1.753939 ,7.881958 ,-12.471392 ,3 ,Acc ,1
254f4035bff2bd85 ,80198103413 ,2.6201408 ,-14.7254305 ,14.8689995 ,3 ,Acc ,1
254f4035bff2bd85 ,80304792867 ,1.1724831 ,-10.614561 ,5.6877394 ,3 ,Acc ,1
254f4035bff2bd85 ,80411482320 ,14.232509 ,-7.3292155 ,-17.606388 ,3 ,Acc ,1
254f4035bff2bd85 ,80518293843 ,13.227524 ,-10.009177 ,2.2660031 ,3 ,Acc ,1
254f4035bff2bd85 ,80624983296 ,4.575077 ,-1.8185452 ,10.459028 ,3 ,Acc ,1
254f4035bff2bd85 ,80731659623 ,-0.8805587 ,1.4380864 ,6.7812595 ,3 ,Acc ,1
254f4035bff2bd85 ,80838471147 ,-2.7326035 ,2.3688943 ,7.2287173 ,3 ,Acc ,1
254f4035bff2bd85 ,81051850053 ,-2.9886355 ,1.5314065 ,5.74756 ,3 ,Acc ,1
254f4035bff2bd85 ,81372040483 ,-4.7808595 ,-3.1441689 ,10.997413 ,3 ,Acc ,1
254f4035bff2bd85 ,81478729936 ,-3.5030923 ,-2.6751757 ,10.193424 ,3 ,Acc ,1
254f4035bff2bd85 ,81692230912 ,-3.333202 ,-1.2442678 ,9.236296 ,3 ,Acc ,1
254f4035bff2bd85 ,81905731889 ,-2.5914268 ,0.10049855 ,15.63231 ,3 ,Acc ,1
254f4035bff2bd85 ,82012421342 ,1.0480564 ,0.21774685 ,10.083355 ,3 ,Acc ,1
254f4035bff2bd85 ,82119110795 ,4.3669014 ,1.294517 ,2.6201408 ,3 ,Acc ,1
254f4035bff2bd85 ,82225800248 ,7.5349984 ,6.9224358 ,-2.347359 ,3 ,Acc ,1
254f4035bff2bd85 ,82332611772 ,20.721844 ,-12.619746 ,6.0825553 ,3 ,Acc ,1
254f4035bff2bd85 ,82439301225 ,36.473797 ,-17.85285 ,8.336594 ,3 ,Acc ,1
254f4035bff2bd85 ,82545990678 ,10.279566 ,-8.60459 ,11.251052 ,3 ,Acc ,1
254f4035bff2bd85 ,82643036576 ,8.212168 ,-7.32443 ,10.743773 ,3 ,Acc ,1
254f4035bff2bd85 ,82749712976 ,-0.19621146 ,-3.5820556 ,7.216753 ,3 ,Acc ,1
254f4035bff2bd85 ,82856524499 ,-5.211568 ,3.1058838 ,1.3495519 ,3 ,Acc ,1
254f4035bff2bd85 ,82963213952 ,-4.7808595 ,2.9096723 ,-4.5559344 ,3 ,Acc ,1
254f4035bff2bd85 ,83069903405 ,-1.3160524 ,1.98365 ,-6.218946 ,3 ,Acc ,1
254f4035bff2bd85 ,83176714929 ,-1.0480564 ,-1.1365907 ,-8.382058 ,3 ,Acc ,1
254f4035bff2bd85 ,83283404382 ,10.79163 ,-7.432107 ,-3.711268 ,3 ,Acc ,1
254f4035bff2bd85 ,83390093835 ,41.338406 ,-21.640688 ,-7.0612197 ,3 ,Acc ,1
254f4035bff2bd85 ,83496905358 ,19.410578 ,-9.315259 ,-2.8594232 ,3 ,Acc ,1
254f4035bff2bd85 ,83603594812 ,13.780266 ,-6.3601227 ,-1.6486548 ,3 ,Acc ,1
254f4035bff2bd85 ,83710284265 ,9.619147 ,-7.2263246 ,-0.29910284 ,3 ,Acc ,1
254f4035bff2bd85 ,83817095788 ,3.6394832 ,0.65084773 ,-3.8117664 ,3 ,Acc ,1
254f4035bff2bd85 ,83923785241 ,-0.26799613 ,-4.6061835 ,2.8809586 ,3 ,Acc ,1
254f4035bff2bd85 ,84030474694 ,-1.1700903 ,-8.154739 ,-5.680561 ,3 ,Acc ,1
254f4035bff2bd85 ,84137164147 ,1.1557333 ,-16.673187 ,-2.4885356 ,3 ,Acc ,1
254f4035bff2bd85 ,84243975671 ,-3.1513474 ,-7.944171 ,3.885944 ,3 ,Acc ,1
254f4035bff2bd85 ,84350665124 ,-3.7567315 ,-5.419743 ,7.2215385 ,3 ,Acc ,1
254f4035bff2bd85 ,84457354577 ,4.9028935 ,-9.52822 ,-0.06460621 ,3 ,Acc ,1
254f4035bff2bd85 ,84564166101 ,0.863809 ,-3.1202407 ,4.1635113 ,3 ,Acc ,1
254f4035bff2bd85 ,84670855554 ,5.163711 ,-5.9342003 ,8.642876 ,3 ,Acc ,1
254f4035bff2bd85 ,84777532335 ,5.453243 ,-8.432307 ,8.295917 ,3 ,Acc ,1
254f4035bff2bd85 ,84884343858 ,0.11485548 ,-1.7515461 ,7.355537 ,3 ,Acc ,1
254f4035bff2bd85 ,84991033311 ,8.114061 ,-11.940185 ,3.9433718 ,3 ,Acc ,1
254f4035bff2bd85 ,85097722765 ,-0.25603202 ,-4.898108 ,3.6777685 ,3 ,Acc ,1
254f4035bff2bd85 ,85204412218 ,9.944571 ,-11.143375 ,-4.031906 ,3 ,Acc ,1
254f4035bff2bd85 ,85311223741 ,0.3278167 ,-8.128419 ,0.5910272 ,3 ,Acc ,1
254f4035bff2bd85 ,85417913194 ,1.3208381 ,-6.1184473 ,1.0935199 ,3 ,Acc ,1
254f4035bff2bd85 ,85524602647 ,4.9268217 ,-12.401999 ,0.85902333 ,3 ,Acc ,1
254f4035bff2bd85 ,85631414171 ,1.2969099 ,-0.9882358 ,2.0434706 ,3 ,Acc ,1
254f4035bff2bd85 ,85738103624 ,5.278567 ,-15.8022 ,-6.9296145 ,3 ,Acc ,1
254f4035bff2bd85 ,85844793077 ,6.920043 ,3.400201 ,6.6257257 ,3 ,Acc ,1
254f4035bff2bd85 ,85951604600 ,8.499306 ,-5.5537415 ,2.3138595 ,3 ,Acc ,1
254f4035bff2bd85 ,86058294054 ,8.626125 ,-2.201397 ,-9.958928 ,3 ,Acc ,1
254f4035bff2bd85 ,86164983507 ,8.379665 ,-2.5268207 ,1.3974084 ,3 ,Acc ,1
254f4035bff2bd85 ,86271672960 ,7.893922 ,-7.0348988 ,-8.396415 ,3 ,Acc ,1
254f4035bff2bd85 ,86378484483 ,6.9056864 ,-2.4933212 ,-2.1870399 ,3 ,Acc ,1
254f4035bff2bd85 ,86485173936 ,7.448857 ,-27.826134 ,-0.91405827 ,3 ,Acc ,1
254f4035bff2bd85 ,86591863390 ,9.090333 ,-3.1154552 ,-4.759324 ,3 ,Acc ,1
254f4035bff2bd85 ,86698674913 ,7.135397 ,-2.5579274 ,-0.18185452 ,3 ,Acc ,1
254f4035bff2bd85 ,86805352471 ,6.9678993 ,-3.2446675 ,-6.546763 ,3 ,Acc ,1
254f4035bff2bd85 ,86912041924 ,9.9038925 ,5.0273204 ,4.0438704 ,3 ,Acc ,1
254f4035bff2bd85 ,87018853448 ,8.7984085 ,-5.436493 ,-0.5479564 ,3 ,Acc ,1
254f4035bff2bd85 ,87125542901 ,6.128019 ,-0.28953153 ,-10.523634 ,3 ,Acc ,1
254f4035bff2bd85 ,87232232354 ,10.547563 ,6.204589 ,3.6490545 ,3 ,Acc ,1
254f4035bff2bd85 ,87339043877 ,9.19801 ,-7.580462 ,0.25842485 ,3 ,Acc ,1
254f4035bff2bd85 ,87445733330 ,6.257231 ,1.9381863 ,-10.18146 ,3 ,Acc ,1
254f4035bff2bd85 ,87552422784 ,9.312865 ,5.8887367 ,3.129812 ,3 ,Acc ,1
254f4035bff2bd85 ,87659112237 ,7.4847493 ,-1.3375878 ,-1.524228 ,3 ,Acc ,1
254f4035bff2bd85 ,87765923760 ,6.003592 ,-7.874779 ,-9.635897 ,3 ,Acc ,1
254f4035bff2bd85 ,87872613213 ,9.145369 ,7.795816 ,1.4835501 ,3 ,Acc ,1
254f4035bff2bd85 ,87979302666 ,6.2883377 ,-2.6201408 ,-3.993621 ,3 ,Acc ,1
254f4035bff2bd85 ,88086114190 ,7.800602 ,-18.738194 ,-8.059027 ,3 ,Acc ,1
254f4035bff2bd85 ,88192803643 ,7.3698936 ,-1.698904 ,-0.32063824 ,3 ,Acc ,1
254f4035bff2bd85 ,88299493096 ,8.075776 ,-7.30768 ,-1.6462619 ,3 ,Acc ,1
254f4035bff2bd85 ,88464410088 ,6.5491557 ,-8.051848 ,4.9435716 ,3 ,Acc ,1
254f4035bff2bd85 ,88571221612 ,8.051848 ,-2.5531418 ,8.240881 ,3 ,Acc ,1
254f4035bff2bd85 ,88677911065 ,10.844273 ,-9.990034 ,-5.814559 ,3 ,Acc ,1
254f4035bff2bd85 ,88784588342 ,13.237095 ,-15.062819 ,-11.219945 ,3 ,Acc ,1
254f4035bff2bd85 ,88891399865 ,8.886943 ,0.25124636 ,8.255239 ,3 ,Acc ,1
254f4035bff2bd85 ,88959270959 ,9.229117 ,-2.8354948 ,-11.08834 ,3 ,Acc ,1
254f4035bff2bd85 ,89124187951 ,9.568898 ,-13.378271 ,2.2181466 ,3 ,Acc ,1
254f4035bff2bd85 ,89230999475 ,11.782259 ,-3.4911282 ,11.676974 ,3 ,Acc ,1
254f4035bff2bd85 ,89337688928 ,10.21496 ,2.969493 ,2.87378 ,3 ,Acc ,1
254f4035bff2bd85 ,89444378381 ,16.752151 ,-10.626525 ,-8.159525 ,3 ,Acc ,1
254f4035bff2bd85 ,89551067834 ,9.559326 ,-5.2977095 ,4.9674997 ,3 ,Acc ,1
254f4035bff2bd85 ,89657879358 ,8.894122 ,-3.9314077 ,3.7328033 ,3 ,Acc ,1
254f4035bff2bd85 ,89764568811 ,8.752945 ,-6.8339014 ,0.2416751 ,3 ,Acc ,1
254f4035bff2bd85 ,89851849084 ,3.6921253 ,-9.578469 ,0.9451649 ,3 ,Acc ,1
254f4035bff2bd85 ,90045940881 ,3.3236306 ,-9.341579 ,0.23449662 ,3 ,Acc ,1
254f4035bff2bd85 ,90152630334 ,2.6799614 ,-7.800602 ,0.7609176 ,3 ,Acc ,1
254f4035bff2bd85 ,90220623498 ,1.9453648 ,-9.635897 ,0.9236295 ,3 ,Acc ,1
254f4035bff2bd85 ,90501995569 ,2.050649 ,-9.178867 ,0.16031912 ,3 ,Acc ,1
254f4035bff2bd85 ,90608685022 ,2.5674987 ,-10.360922 ,1.6630118 ,3 ,Acc ,1
254f4035bff2bd85 ,90715361817 ,3.225525 ,-7.5756764 ,1.6917256 ,3 ,Acc ,1
254f4035bff2bd85 ,90822173340 ,2.7278178 ,-7.8077803 ,3.4049866 ,3 ,Acc ,1
254f4035bff2bd85 ,90928862793 ,2.2181466 ,-10.325029 ,0.75613195 ,3 ,Acc ,1
254f4035bff2bd85 ,91035552246 ,0.6771688 ,-8.281559 ,3.7758741 ,3 ,Acc ,1
254f4035bff2bd85 ,91142363770 ,-0.44745782 ,-10.217353 ,4.2759743 ,3 ,Acc ,1
254f4035bff2bd85 ,91249053223 ,1.1700903 ,-9.430114 ,2.3904297 ,3 ,Acc ,1
254f4035bff2bd85 ,91355742676 ,2.7326035 ,-9.499506 ,1.4213367 ,3 ,Acc ,1
254f4035bff2bd85 ,91462432129 ,4.017549 ,-10.035499 ,1.7659031 ,3 ,Acc ,1
254f4035bff2bd85 ,91569243653 ,1.457229 ,-8.633304 ,2.0434706 ,3 ,Acc ,1
254f4035bff2bd85 ,91675933106 ,-0.13878371 ,-9.01137 ,2.6536403 ,3 ,Acc ,1
254f4035bff2bd85 ,91782622559 ,-1.6223338 ,-7.6594253 ,2.6392834 ,3 ,Acc ,1
254f4035bff2bd85 ,91889434082 ,-0.72502524 ,-8.271988 ,2.5220351 ,3 ,Acc ,1
254f4035bff2bd85 ,91996123536 ,-1.7252251 ,-8.997013 ,3.4169507 ,3 ,Acc ,1
254f4035bff2bd85 ,92102812989 ,-1.3256238 ,-10.365707 ,3.9720855 ,3 ,Acc ,1
254f4035bff2bd85 ,92209624512 ,-1.6390835 ,-9.741181 ,3.318845 ,3 ,Acc ,1
254f4035bff2bd85 ,92316313965 ,-1.9262222 ,-9.836894 ,3.3619158 ,3 ,Acc ,1
254f4035bff2bd85 ,92423003418 ,-1.7108682 ,-9.631111 ,3.1752756 ,3 ,Acc ,1
254f4035bff2bd85 ,92520049317 ,-1.8185452 ,-9.238688 ,2.7732813 ,3 ,Acc ,1
254f4035bff2bd85 ,92626738770 ,-1.7084754 ,-9.537791 ,3.0460632 ,3 ,Acc ,1
254f4035bff2bd85 ,92733540091 ,-1.7204394 ,-9.60479 ,2.981457 ,3 ,Acc ,1
254f4035bff2bd85 ,92840229544 ,-1.5936198 ,-9.238688 ,3.034099 ,3 ,Acc ,1
254f4035bff2bd85 ,92946918998 ,-1.6127625 ,-9.164511 ,2.981457 ,3 ,Acc ,1
254f4035bff2bd85 ,93053730521 ,-1.5337993 ,-9.334401 ,2.9575288 ,3 ,Acc ,1
254f4035bff2bd85 ,93160419974 ,-1.6247265 ,-9.253045 ,2.9192436 ,3 ,Acc ,1
254f4035bff2bd85 ,93267109427 ,-1.6151553 ,-9.332008 ,2.821138 ,3 ,Acc ,1
254f4035bff2bd85 ,93373798880 ,-1.7108682 ,-9.296116 ,2.8019953 ,3 ,Acc ,1
254f4035bff2bd85 ,93480610404 ,-1.5696917 ,-9.138189 ,2.778067 ,3 ,Acc ,1
254f4035bff2bd85 ,93587299857 ,-1.5625132 ,-9.284152 ,2.778067 ,3 ,Acc ,1
254f4035bff2bd85 ,93693989310 ,-1.5960127 ,-9.200403 ,2.821138 ,3 ,Acc ,1
254f4035bff2bd85 ,93800800834 ,-1.5936198 ,-9.439685 ,2.806781 ,3 ,Acc ,1
254f4035bff2bd85 ,93907490287 ,-1.6103697 ,-9.47797 ,2.78046 ,3 ,Acc ,1
254f4035bff2bd85 ,94014179740 ,-1.6917256 ,-9.200403 ,2.737389 ,3 ,Acc ,1
254f4035bff2bd85 ,94120991263 ,-1.5984055 ,-9.312865 ,2.7278178 ,3 ,Acc ,1
254f4035bff2bd85 ,94227680716 ,-1.6199409 ,-9.434899 ,2.7278178 ,3 ,Acc ,1
254f4035bff2bd85 ,94334370169 ,-1.7180467 ,-9.257831 ,2.9168508 ,3 ,Acc ,1
254f4035bff2bd85 ,94441181693 ,-1.6295122 ,-9.4229355 ,2.8761728 ,3 ,Acc ,1
254f4035bff2bd85 ,94547871146 ,-1.6462619 ,-9.662218 ,2.9455647 ,3 ,Acc ,1
254f4035bff2bd85 ,94654560599 ,-1.4524434 ,-10.212567 ,3.117848 ,3 ,Acc ,1
254f4035bff2bd85 ,94761238594 ,-1.038485 ,-10.356136 ,2.8115666 ,3 ,Acc ,1
254f4035bff2bd85 ,94868050118 ,-1.0767702 ,-10.147961 ,2.6368906 ,3 ,Acc ,1
254f4035bff2bd85 ,94974739571 ,-0.6843473 ,-10.983056 ,2.993421 ,3 ,Acc ,1
254f4035bff2bd85 ,95081429024 ,-1.820938 ,-8.420342 ,5.072784 ,3 ,Acc ,1
254f4035bff2bd85 ,95188240547 ,-3.3906298 ,-5.493921 ,7.393822 ,3 ,Acc ,1
254f4035bff2bd85 ,95294930001 ,3.7854455 ,1.1676974 ,5.4053864 ,3 ,Acc ,1
254f4035bff2bd85 ,95401619454 ,12.981063 ,1.3040884 ,-4.7306104 ,3 ,Acc ,1
254f4035bff2bd85 ,95508430977 ,21.805792 ,-6.4965134 ,-5.4053864 ,3 ,Acc ,1
254f4035bff2bd85 ,95615120430 ,26.234907 ,-8.678768 ,3.0412776 ,3 ,Acc ,1
254f4035bff2bd85 ,95721809883 ,16.505692 ,-17.510675 ,7.8460655 ,3 ,Acc ,1
254f4035bff2bd85 ,95828621407 ,12.792029 ,-25.222744 ,2.778067 ,3 ,Acc ,1
254f4035bff2bd85 ,95935310860 ,33.48277 ,-27.383463 ,-5.1182475 ,3 ,Acc ,1
254f4035bff2bd85 ,96042000313 ,78.283585 ,-20.583061 ,-16.957933 ,3 ,Acc ,1
254f4035bff2bd85 ,96148689766 ,78.283585 ,8.185846 ,0.43788654 ,3 ,Acc ,1
254f4035bff2bd85 ,96255501290 ,22.98306 ,22.892134 ,5.3814583 ,3 ,Acc ,1
254f4035bff2bd85 ,96362190743 ,20.298315 ,-3.507878 ,6.908079 ,3 ,Acc ,1
254f4035bff2bd85 ,96468880196 ,28.718657 ,-18.671196 ,-0.63170516 ,3 ,Acc ,1
254f4035bff2bd85 ,96575691719 ,21.695723 ,-18.137596 ,-13.304094 ,3 ,Acc ,1
254f4035bff2bd85 ,96682381172 ,15.393028 ,-10.911271 ,-8.863015 ,3 ,Acc ,1
254f4035bff2bd85 ,96789061180 ,17.024933 ,-11.356337 ,8.236095 ,3 ,Acc ,1
254f4035bff2bd85 ,96895872703 ,13.959727 ,-28.316664 ,12.007184 ,3 ,Acc ,1
254f4035bff2bd85 ,97002562156 ,36.547974 ,-29.079973 ,1.727618 ,3 ,Acc ,1
254f4035bff2bd85 ,97109251609 ,78.283585 ,-18.046669 ,-17.8026 ,3 ,Acc ,1
254f4035bff2bd85 ,97215941062 ,75.76155 ,27.725636 ,4.2855453 ,3 ,Acc ,1
254f4035bff2bd85 ,97322752586 ,24.404398 ,15.294922 ,9.626326 ,3 ,Acc ,1
254f4035bff2bd85 ,97429442039 ,22.817957 ,-11.894721 ,5.2833524 ,3 ,Acc ,1
254f4035bff2bd85 ,97536131492 ,29.273792 ,-18.594625 ,-4.429115 ,3 ,Acc ,1
254f4035bff2bd85 ,97642943015 ,26.170301 ,-14.548362 ,-14.3258295 ,3 ,Acc ,1
254f4035bff2bd85 ,97749632469 ,23.676981 ,-8.752945 ,-0.6795616 ,3 ,Acc ,1
254f4035bff2bd85 ,97856321922 ,11.239088 ,-23.129025 ,12.717853 ,3 ,Acc ,1
254f4035bff2bd85 ,97963133445 ,23.399412 ,-29.522646 ,4.898108 ,3 ,Acc ,1
254f4035bff2bd85 ,98069822898 ,78.283585 ,-22.585854 ,-6.7908306 ,3 ,Acc ,1
254f4035bff2bd85 ,98176512351 ,78.283585 ,-3.8356948 ,-9.071191 ,3 ,Acc ,1
254f4035bff2bd85 ,98283323875 ,28.800013 ,22.999811 ,5.8241305 ,3 ,Acc ,1
254f4035bff2bd85 ,98390013328 ,23.459232 ,-7.1018977 ,5.5465627 ,3 ,Acc ,1
254f4035bff2bd85 ,98496702781 ,27.52703 ,-17.838493 ,-1.3663018 ,3 ,Acc ,1
254f4035bff2bd85 ,98603392234 ,26.981468 ,-13.627125 ,-15.388243 ,3 ,Acc ,1
254f4035bff2bd85 ,98816883749 ,15.615561 ,-21.21716 ,10.191031 ,3 ,Acc ,1
254f4035bff2bd85 ,98923573202 ,15.97927 ,-27.505497 ,7.0325055 ,3 ,Acc ,1
254f4035bff2bd85 ,99030384725 ,74.5436 ,-24.827929 ,-4.9435716 ,3 ,Acc ,1
254f4035bff2bd85 ,99137074178 ,78.283585 ,-7.0540414 ,-0.29671 ,3 ,Acc ,1
254f4035bff2bd85 ,99243763632 ,33.753155 ,21.095125 ,5.936593 ,3 ,Acc ,1
254f4035bff2bd85 ,99350575155 ,21.504297 ,-0.038285162 ,7.3100734 ,3 ,Acc ,1
254f4035bff2bd85 ,99457264608 ,33.150166 ,-16.957933 ,8.149954 ,3 ,Acc ,1
254f4035bff2bd85 ,99563954061 ,26.447868 ,-15.101104 ,-12.593426 ,3 ,Acc ,1
254f4035bff2bd85 ,99670765585 ,25.122246 ,-5.6877394 ,-5.0273204 ,3 ,Acc ,1
254f4035bff2bd85 ,99777455038 ,19.491934 ,-21.497118 ,4.948357 ,3 ,Acc ,1
254f4035bff2bd85 ,99884144491 ,11.08834 ,-26.383263 ,4.321438 ,3 ,Acc ,1
254f4035bff2bd85 ,99990833944 ,52.4076 ,-32.67878 ,-4.0031924 ,3 ,Acc ,1
254f4035bff2bd85 ,100097645468 ,78.283585 ,-20.365313 ,-3.6466618 ,3 ,Acc ,1
254f4035bff2bd85 ,100204334921 ,36.466618 ,16.323835 ,7.140183 ,3 ,Acc ,1
254f4035bff2bd85 ,100311024374 ,19.92982 ,5.7451673 ,8.930014 ,3 ,Acc ,1
254f4035bff2bd85 ,100417835897 ,29.910282 ,-19.314865 ,2.0267208 ,3 ,Acc ,1
254f4035bff2bd85 ,100524525350 ,21.164516 ,-15.637096 ,-13.397414 ,3 ,Acc ,1
254f4035bff2bd85 ,100631214803 ,22.645674 ,-9.729217 ,-5.4412785 ,3 ,Acc ,1
254f4035bff2bd85 ,100738026327 ,21.755543 ,-19.810179 ,0.95712906 ,3 ,Acc ,1
254f4035bff2bd85 ,100844705259 ,11.432906 ,-29.931818 ,0.5240282 ,3 ,Acc ,1
254f4035bff2bd85 ,100951394712 ,43.286163 ,-33.667015 ,-4.3764725 ,3 ,Acc ,1
254f4035bff2bd85 ,101058206236 ,78.283585 ,-24.45704 ,-12.689138 ,3 ,Acc ,1
254f4035bff2bd85 ,101164895689 ,37.15336 ,10.827522 ,6.32423 ,3 ,Acc ,1
254f4035bff2bd85 ,101271585142 ,17.79303 ,5.2139606 ,9.966106 ,3 ,Acc ,1
254f4035bff2bd85 ,101378274595 ,23.231915 ,-16.484156 ,0.43788654 ,3 ,Acc ,1
254f4035bff2bd85 ,101485086118 ,20.793629 ,-12.047862 ,-5.5106707 ,3 ,Acc ,1
254f4035bff2bd85 ,101591775572 ,16.536797 ,-8.228917 ,-6.8243303 ,3 ,Acc ,1
254f4035bff2bd85 ,101698465025 ,19.860428 ,-11.770294 ,0.29192436 ,3 ,Acc ,1
254f4035bff2bd85 ,101805276548 ,12.844672 ,-24.58386 ,1.3782659 ,3 ,Acc ,1
254f4035bff2bd85 ,101911966001 ,18.874584 ,-22.99024 ,-0.21296121 ,3 ,Acc ,1
254f4035bff2bd85 ,102018655454 ,59.38268 ,-22.12643 ,-6.719046 ,3 ,Acc ,1
254f4035bff2bd85 ,102125466978 ,72.77292 ,10.3441725 ,1.902294 ,3 ,Acc ,1
254f4035bff2bd85 ,102232156431 ,25.222744 ,14.0291195 ,7.609176 ,3 ,Acc ,1
254f4035bff2bd85 ,102338845884 ,16.92204 ,-3.7950168 ,9.870394 ,3 ,Acc ,1
254f4035bff2bd85 ,102445657407 ,22.882563 ,-13.72523 ,5.2689953 ,3 ,Acc ,1
254f4035bff2bd85 ,102552346861 ,20.379671 ,-15.125031 ,-10.406385 ,3 ,Acc ,1
254f4035bff2bd85 ,102659036314 ,16.158731 ,-7.3770723 ,-10.652846 ,3 ,Acc ,1
254f4035bff2bd85 ,102765838763 ,17.603996 ,-7.759924 ,7.4847493 ,3 ,Acc ,1
254f4035bff2bd85 ,102872528216 ,14.866607 ,-27.883562 ,6.381658 ,3 ,Acc ,1
254f4035bff2bd85 ,102979217669 ,37.804207 ,-27.242287 ,-6.869794 ,3 ,Acc ,1
254f4035bff2bd85 ,103085907123 ,78.283585 ,-15.933806 ,-13.617554 ,3 ,Acc ,1
254f4035bff2bd85 ,103192718646 ,39.000618 ,19.424934 ,2.7110682 ,3 ,Acc ,1
254f4035bff2bd85 ,103299408099 ,18.419949 ,8.970692 ,4.551149 ,3 ,Acc ,1
254f4035bff2bd85 ,103406097552 ,15.912271 ,-3.4743786 ,7.635497 ,3 ,Acc ,1
254f4035bff2bd85 ,103512909076 ,27.818956 ,-13.167703 ,3.8237305 ,3 ,Acc ,1
254f4035bff2bd85 ,103619598529 ,22.00679 ,-11.952149 ,-11.315659 ,3 ,Acc ,1
254f4035bff2bd85 ,103726287982 ,19.747965 ,-3.6681972 ,-8.4705925 ,3 ,Acc ,1
254f4035bff2bd85 ,103833099505 ,15.340386 ,-12.538391 ,2.053042 ,3 ,Acc ,1
254f4035bff2bd85 ,103939788958 ,12.256038 ,-31.03491 ,2.9168508 ,3 ,Acc ,1
254f4035bff2bd85 ,104046478412 ,47.179283 ,-31.690542 ,-1.1557333 ,3 ,Acc ,1
254f4035bff2bd85 ,104153289935 ,78.283585 ,-13.009777 ,-9.523434 ,3 ,Acc ,1
254f4035bff2bd85 ,104259979388 ,31.917862 ,16.579868 ,3.9601214 ,3 ,Acc ,1
254f4035bff2bd85 ,104366668841 ,14.892928 ,6.1806607 ,6.582655 ,3 ,Acc ,1
254f4035bff2bd85 ,104473358294 ,12.236895 ,-1.1916257 ,7.7647095 ,3 ,Acc ,1
254f4035bff2bd85 ,104580169818 ,27.694529 ,-13.426127 ,8.671589 ,3 ,Acc ,1
254f4035bff2bd85 ,104686859271 ,21.91347 ,-15.500705 ,0.13399807 ,3 ,Acc ,1
254f4035bff2bd85 ,104793540471 ,9.200403 ,-7.367501 ,-16.34298 ,3 ,Acc ,1
254f4035bff2bd85 ,104900351995 ,17.472391 ,-3.9984066 ,-9.303294 ,3 ,Acc ,1
254f4035bff2bd85 ,105007041448 ,13.545769 ,-12.856636 ,6.020342 ,3 ,Acc ,1
254f4035bff2bd85 ,105113730901 ,13.004992 ,-29.659037 ,-1.0935199 ,3 ,Acc ,1
254f4035bff2bd85 ,105220542424 ,48.495335 ,-31.200014 ,-15.507884 ,3 ,Acc ,1
254f4035bff2bd85 ,105327231877 ,78.283585 ,-24.181866 ,-19.348364 ,3 ,Acc ,1
254f4035bff2bd85 ,105433921330 ,40.764126 ,12.583855 ,1.2610176 ,3 ,Acc ,1
254f4035bff2bd85 ,105540732854 ,12.806387 ,8.717052 ,0.7968099 ,3 ,Acc ,1
254f4035bff2bd85 ,105647422307 ,9.312865 ,2.2205393 ,4.034299 ,3 ,Acc ,1
254f4035bff2bd85 ,105754111760 ,19.846071 ,-8.602198 ,5.218746 ,3 ,Acc ,1
254f4035bff2bd85 ,105860801213 ,30.984661 ,-17.024933 ,2.2420747 ,3 ,Acc ,1
254f4035bff2bd85 ,105967612737 ,17.998812 ,-12.382857 ,-8.506484 ,3 ,Acc ,1
254f4035bff2bd85 ,106074302190 ,13.316058 ,-6.623333 ,-13.488341 ,3 ,Acc ,1
254f4035bff2bd85 ,106180991643 ,14.426328 ,-4.125226 ,-3.3092737 ,3 ,Acc ,1
254f4035bff2bd85 ,106287803166 ,14.586647 ,-11.624332 ,7.542177 ,3 ,Acc ,1
254f4035bff2bd85 ,106394492620 ,14.019547 ,-21.822542 ,4.831109 ,3 ,Acc ,1
254f4035bff2bd85 ,106501182073 ,40.08935 ,-26.608189 ,-6.771688 ,3 ,Acc ,1
254f4035bff2bd85 ,106607993596 ,78.283585 ,-23.825335 ,-10.817951 ,3 ,Acc ,1
254f4035bff2bd85 ,106714683049 ,37.40939 ,13.782659 ,2.1702902 ,3 ,Acc ,1
254f4035bff2bd85 ,106821364336 ,13.050455 ,6.695118 ,3.6251264 ,3 ,Acc ,1
254f4035bff2bd85 ,106928175860 ,7.331609 ,-0.7728817 ,5.515456 ,3 ,Acc ,1
254f4035bff2bd85 ,107034865313 ,18.577875 ,-9.52822 ,6.2380886 ,3 ,Acc ,1
254f4035bff2bd85 ,107141554766 ,20.712273 ,-17.761923 ,2.5004997 ,3 ,Acc ,1
254f4035bff2bd85 ,107248366289 ,12.473784 ,-10.037891 ,-8.437093 ,3 ,Acc ,1
254f4035bff2bd85 ,107355055743 ,17.515461 ,-5.0847483 ,-9.908679 ,3 ,Acc ,1
254f4035bff2bd85 ,107461745196 ,20.932413 ,-7.6139617 ,4.792824 ,3 ,Acc ,1
254f4035bff2bd85 ,107568434649 ,13.194024 ,-21.927826 ,10.387243 ,3 ,Acc ,1
254f4035bff2bd85 ,107675246172 ,23.296522 ,-23.17688 ,5.9964137 ,3 ,Acc ,1
254f4035bff2bd85 ,107781935625 ,71.968925 ,-21.19323 ,-7.8149586 ,3 ,Acc ,1
254f4035bff2bd85 ,107888625079 ,75.3787 ,-2.1367905 ,-4.254439 ,3 ,Acc ,1
254f4035bff2bd85 ,107995436602 ,25.942984 ,9.779466 ,4.15394 ,3 ,Acc ,1
254f4035bff2bd85 ,108102126055 ,12.756138 ,2.1391835 ,8.147561 ,3 ,Acc ,1
254f4035bff2bd85 ,108208815508 ,20.853449 ,-11.743974 ,7.0875406 ,3 ,Acc ,1
254f4035bff2bd85 ,108315627032 ,26.40719 ,-18.599411 ,1.3232309 ,3 ,Acc ,1
254f4035bff2bd85 ,108529005938 ,14.804394 ,-5.716453 ,-8.693125 ,3 ,Acc ,1
254f4035bff2bd85 ,108635817461 ,14.58904 ,-5.6327047 ,4.031906 ,3 ,Acc ,1
254f4035bff2bd85 ,108742506914 ,12.727424 ,-20.951555 ,5.3216376 ,3 ,Acc ,1
254f4035bff2bd85 ,108849188188 ,22.344177 ,-22.174288 ,1.0408778 ,3 ,Acc ,1
254f4035bff2bd85 ,108955999711 ,66.120865 ,-21.633509 ,-8.539984 ,3 ,Acc ,1
254f4035bff2bd85 ,109062689164 ,74.555565 ,-1.8376877 ,-4.031906 ,3 ,Acc ,1
254f4035bff2bd85 ,109169378617 ,24.390041 ,11.038091 ,4.7856455 ,3 ,Acc ,1
254f4035bff2bd85 ,109276068070 ,12.981063 ,2.5794628 ,8.635697 ,3 ,Acc ,1
254f4035bff2bd85 ,109382879594 ,20.865414 ,-13.430914 ,5.757131 ,3 ,Acc ,1
254f4035bff2bd85 ,109489569047 ,19.960926 ,-16.706688 ,-1.4668003 ,3 ,Acc ,1
254f4035bff2bd85 ,109596258500 ,13.703695 ,-10.3848505 ,-13.471592 ,3 ,Acc ,1
254f4035bff2bd85 ,109703070024 ,12.643675 ,-4.240082 ,-9.547362 ,3 ,Acc ,1
254f4035bff2bd85 ,109809759477 ,17.113468 ,-8.463413 ,5.4819565 ,3 ,Acc ,1
254f4035bff2bd85 ,109916448930 ,11.203196 ,-19.010977 ,4.4674 ,3 ,Acc ,1
254f4035bff2bd85 ,110023260453 ,15.790236 ,-19.800608 ,-2.062613 ,3 ,Acc ,1
254f4035bff2bd85 ,110120184281 ,45.55934 ,-31.527832 ,-9.844072 ,3 ,Acc ,1
254f4035bff2bd85 ,110226995805 ,78.283585 ,-13.713266 ,-6.245267 ,3 ,Acc ,1
254f4035bff2bd85 ,110333685258 ,30.290741 ,16.414762 ,1.9980069 ,3 ,Acc ,1
254f4035bff2bd85 ,110440374711 ,15.567704 ,2.7397819 ,7.3986077 ,3 ,Acc ,1
254f4035bff2bd85 ,110547186234 ,18.36252 ,-13.715659 ,6.32423 ,3 ,Acc ,1
254f4035bff2bd85 ,110653875688 ,20.673988 ,-18.656837 ,-0.72023964 ,3 ,Acc ,1
254f4035bff2bd85 ,110760565141 ,12.078969 ,-10.729417 ,-9.781859 ,3 ,Acc ,1
254f4035bff2bd85 ,110867368797 ,12.086147 ,-5.649454 ,-11.13859 ,3 ,Acc ,1
254f4035bff2bd85 ,110974058250 ,12.035898 ,-5.7786665 ,1.1964114 ,3 ,Acc ,1
254f4035bff2bd85 ,111080747703 ,12.009577 ,-16.888542 ,5.9246287 ,3 ,Acc ,1
254f4035bff2bd85 ,111187559227 ,11.68176 ,-26.658438 ,1.8496519 ,3 ,Acc ,1
254f4035bff2bd85 ,111294248680 ,44.03033 ,-27.57728 ,-9.789038 ,3 ,Acc ,1
254f4035bff2bd85 ,111400938133 ,78.283585 ,-9.446864 ,-11.478371 ,3 ,Acc ,1
254f4035bff2bd85 ,111507749657 ,40.271206 ,22.224537 ,2.0386848 ,3 ,Acc ,1
254f4035bff2bd85 ,111614439110 ,19.704895 ,5.989235 ,7.989635 ,3 ,Acc ,1
254f4035bff2bd85 ,111721128563 ,20.264814 ,-12.990634 ,11.322837 ,3 ,Acc ,1
254f4035bff2bd85 ,111827818016 ,23.265415 ,-18.723837 ,-1.0073783 ,3 ,Acc ,1
254f4035bff2bd85 ,111934629539 ,18.424734 ,-9.686146 ,-17.218752 ,3 ,Acc ,1
254f4035bff2bd85 ,112041318992 ,16.158731 ,-7.4392858 ,-7.850851 ,3 ,Acc ,1
254f4035bff2bd85 ,112148008446 ,13.978869 ,-22.315464 ,7.812566 ,3 ,Acc ,1
254f4035bff2bd85 ,112254819969 ,21.360727 ,-38.151165 ,-2.8522446 ,3 ,Acc ,1
254f4035bff2bd85 ,112361509422 ,78.283585 ,-26.206194 ,-21.755543 ,3 ,Acc ,1
254f4035bff2bd85 ,112468198875 ,78.283585 ,22.171894 ,-13.514663 ,3 ,Acc ,1
254f4035bff2bd85 ,112575010399 ,39.204006 ,27.723244 ,6.623333 ,3 ,Acc ,1
254f4035bff2bd85 ,112681699852 ,36.49533 ,-19.03251 ,5.45085 ,3 ,Acc ,1
254f4035bff2bd85 ,112788382479 ,39.584465 ,-13.418949 ,-20.98984 ,3 ,Acc ,1
254f4035bff2bd85 ,112895194002 ,34.071404 ,-6.8458657 ,-13.639089 ,3 ,Acc ,1
254f4035bff2bd85 ,113001883456 ,17.517855 ,-43.68337 ,-2.7038896 ,3 ,Acc ,1
254f4035bff2bd85 ,113108572909 ,42.79563 ,-35.607594 ,-7.173682 ,3 ,Acc ,1
254f4035bff2bd85 ,113215384432 ,78.283585 ,-25.741985 ,-13.531412 ,3 ,Acc ,1
254f4035bff2bd85 ,113322073885 ,58.253265 ,23.009382 ,8.949157 ,3 ,Acc ,1
254f4035bff2bd85 ,113428763338 ,21.339191 ,7.8436728 ,13.454842 ,3 ,Acc ,1
254f4035bff2bd85 ,113535452791 ,23.140987 ,-19.001404 ,6.300302 ,3 ,Acc ,1
254f4035bff2bd85 ,113642264315 ,19.381863 ,-17.094324 ,-4.981857 ,3 ,Acc ,1
254f4035bff2bd85 ,113748953768 ,17.130217 ,-8.427522 ,-11.990435 ,3 ,Acc ,1
254f4035bff2bd85 ,113855643221 ,23.593231 ,-9.8632145 ,-1.4261223 ,3 ,Acc ,1
254f4035bff2bd85 ,113962454745 ,15.160924 ,-14.931213 ,6.046663 ,3 ,Acc ,1
254f4035bff2bd85 ,114069144198 ,10.222138 ,-20.24328 ,4.881358 ,3 ,Acc ,1
254f4035bff2bd85 ,114175833651 ,35.877983 ,-23.028524 ,-1.7324036 ,3 ,Acc ,1
254f4035bff2bd85 ,114282645174 ,78.283585 ,-21.454048 ,-10.380065 ,3 ,Acc ,1
254f4035bff2bd85 ,114389334627 ,42.24289 ,10.205389 ,4.5535417 ,3 ,Acc ,1
254f4035bff2bd85 ,114496024081 ,16.543976 ,6.1998034 ,5.9988065 ,3 ,Acc ,1
254f4035bff2bd85 ,114602835604 ,12.177074 ,-0.51206404 ,8.267202 ,3 ,Acc ,1
254f4035bff2bd85 ,114709525057 ,18.410378 ,-15.63231 ,4.9435716 ,3 ,Acc ,1
254f4035bff2bd85 ,114816206809 ,14.222938 ,-16.859829 ,-1.8017955 ,3 ,Acc ,1
254f4035bff2bd85 ,114923018333 ,10.798809 ,-5.3216376 ,-10.899307 ,3 ,Acc ,1
254f4035bff2bd85 ,115029707786 ,12.526426 ,-5.692525 ,-6.518049 ,3 ,Acc ,1
254f4035bff2bd85 ,115136397239 ,15.3356 ,-6.161518 ,3.8691943 ,3 ,Acc ,1
254f4035bff2bd85 ,115243086692 ,11.203196 ,-16.77608 ,7.7814593 ,3 ,Acc ,1
254f4035bff2bd85 ,115349898215 ,18.613768 ,-24.842285 ,2.1367905 ,3 ,Acc ,1
254f4035bff2bd85 ,115456587669 ,62.67281 ,-24.076582 ,-7.7120676 ,3 ,Acc ,1
254f4035bff2bd85 ,115670088645 ,28.445875 ,10.037891 ,5.4723854 ,3 ,Acc ,1
254f4035bff2bd85 ,115776778098 ,11.361122 ,3.9242291 ,9.006584 ,3 ,Acc ,1
254f4035bff2bd85 ,115883467551 ,14.727823 ,-10.803595 ,6.546763 ,3 ,Acc ,1
254f4035bff2bd85 ,115990279075 ,19.147367 ,-19.654646 ,4.0390844 ,3 ,Acc ,1
254f4035bff2bd85 ,116096968528 ,13.464413 ,-12.705888 ,-5.8672013 ,3 ,Acc ,1
254f4035bff2bd85 ,116203657981 ,12.222538 ,-7.3459654 ,-9.963714 ,3 ,Acc ,1
254f4035bff2bd85 ,116310469505 ,13.471592 ,-6.2380886 ,-0.77766734 ,3 ,Acc ,1
254f4035bff2bd85 ,116417158958 ,15.672988 ,-13.53859 ,2.0745773 ,3 ,Acc ,1
254f4035bff2bd85 ,116523848411 ,11.806187 ,-21.60719 ,2.9575288 ,3 ,Acc ,1
254f4035bff2bd85 ,116630659934 ,33.049667 ,-26.995825 ,-0.72741807 ,3 ,Acc ,1
254f4035bff2bd85 ,116737349387 ,78.283585 ,-19.93939 ,-5.2809596 ,3 ,Acc ,1
254f4035bff2bd85 ,116844033237 ,37.301712 ,13.691731 ,5.8480587 ,3 ,Acc ,1
254f4035bff2bd85 ,116950722691 ,18.57309 ,10.327422 ,5.5800624 ,3 ,Acc ,1
254f4035bff2bd85 ,117057534214 ,12.459428 ,-0.74416786 ,6.3194447 ,3 ,Acc ,1
254f4035bff2bd85 ,117164223667 ,18.448662 ,-14.79243 ,2.9072795 ,3 ,Acc ,1
254f4035bff2bd85 ,117270913120 ,16.017555 ,-20.109282 ,-2.2731814 ,3 ,Acc ,1
254f4035bff2bd85 ,117377724644 ,10.5284195 ,-9.870394 ,-12.691531 ,3 ,Acc ,1
254f4035bff2bd85 ,117484414097 ,11.521441 ,-5.962914 ,-9.403793 ,3 ,Acc ,1
254f4035bff2bd85 ,117591103550 ,10.564312 ,-11.667403 ,1.4285151 ,3 ,Acc ,1
254f4035bff2bd85 ,117697915073 ,6.285945 ,-16.407585 ,5.2259245 ,3 ,Acc ,1
254f4035bff2bd85 ,117804604527 ,4.0366917 ,-18.3362 ,2.0817556 ,3 ,Acc ,1
254f4035bff2bd85 ,117911293980 ,33.31766 ,-35.339596 ,-11.133803 ,3 ,Acc ,1
254f4035bff2bd85 ,118018105503 ,78.283585 ,-22.664816 ,-8.300702 ,3 ,Acc ,1
254f4035bff2bd85 ,118124794956 ,28.56791 ,13.447663 ,-0.8709874 ,3 ,Acc ,1
254f4035bff2bd85 ,118231484409 ,11.760723 ,7.094719 ,4.642076 ,3 ,Acc ,1
254f4035bff2bd85 ,118338295933 ,5.2666025 ,-0.4019942 ,5.501099 ,3 ,Acc ,1
254f4035bff2bd85 ,118444985386 ,10.502099 ,-7.941778 ,6.3338017 ,3 ,Acc ,1
254f4035bff2bd85 ,118551674839 ,20.681166 ,-17.003397 ,8.159525 ,3 ,Acc ,1
254f4035bff2bd85 ,118658486362 ,15.223138 ,-15.230316 ,-1.8592232 ,3 ,Acc ,1
254f4035bff2bd85 ,118765175816 ,10.760524 ,-7.594819 ,-13.536198 ,3 ,Acc ,1
254f4035bff2bd85 ,118871858571 ,14.854643 ,-6.5252275 ,-9.205189 ,3 ,Acc ,1
254f4035bff2bd85 ,118978548024 ,13.655839 ,-10.147961 ,5.5393844 ,3 ,Acc ,1
254f4035bff2bd85 ,119085359547 ,10.152746 ,-24.61736 ,10.145568 ,3 ,Acc ,1
254f4035bff2bd85 ,119192049000 ,25.442883 ,-24.595823 ,-1.0839486 ,3 ,Acc ,1
254f4035bff2bd85 ,119298738454 ,74.30432 ,-20.415564 ,-7.4536424 ,3 ,Acc ,1
254f4035bff2bd85 ,119405549977 ,67.049286 ,-0.51445687 ,-6.6185474 ,3 ,Acc ,1
254f4035bff2bd85 ,119512239430 ,23.341986 ,7.2670026 ,1.6031911 ,3 ,Acc ,1
254f4035bff2bd85 ,119618928883 ,9.820144 ,2.5986054 ,3.1657043 ,3 ,Acc ,1
254f4035bff2bd85 ,119725740407 ,9.652647 ,-3.7830527 ,8.508878 ,3 ,Acc ,1
254f4035bff2bd85 ,119832429860 ,18.104095 ,-12.772887 ,8.015956 ,3 ,Acc ,1
254f4035bff2bd85 ,119939119313 ,18.44627 ,-16.297516 ,3.3786657 ,3 ,Acc ,1
254f4035bff2bd85 ,120045930836 ,10.688739 ,-12.287145 ,-4.223332 ,3 ,Acc ,1
254f4035bff2bd85 ,120152620289 ,5.352744 ,-3.4408789 ,-12.784851 ,3 ,Acc ,1
254f4035bff2bd85 ,120259309743 ,12.9021 ,-1.8783658 ,-7.5230346 ,3 ,Acc ,1
254f4035bff2bd85 ,120366121266 ,17.25225 ,-4.991428 ,5.300102 ,3 ,Acc ,1
254f4035bff2bd85 ,120472810719 ,12.095718 ,-15.4313135 ,8.405986 ,3 ,Acc ,1
254f4035bff2bd85 ,120579500172 ,20.48017 ,-22.114468 ,1.6438692 ,3 ,Acc ,1
254f4035bff2bd85 ,120686311696 ,52.32146 ,-22.140787 ,-5.130212 ,3 ,Acc ,1
254f4035bff2bd85 ,120793001149 ,78.283585 ,-15.436099 ,-14.641682 ,3 ,Acc ,1
254f4035bff2bd85 ,120899684801 ,60.385273 ,6.8817577 ,-1.3351951 ,3 ,Acc ,1
254f4035bff2bd85 ,121006374254 ,18.994226 ,8.094919 ,7.0205417 ,3 ,Acc ,1
254f4035bff2bd85 ,121113185778 ,-0.8805587 ,0.4546363 ,9.164511 ,3 ,Acc ,1
254f4035bff2bd85 ,121219875231 ,8.997013 ,-9.408579 ,5.5202417 ,3 ,Acc ,1
254f4035bff2bd85 ,121326564684 ,14.115261 ,-13.473985 ,2.3258235 ,3 ,Acc ,1
254f4035bff2bd85 ,121433376207 ,12.222538 ,-13.6606245 ,0.27517462 ,3 ,Acc ,1
254f4035bff2bd85 ,121540065660 ,14.596218 ,-9.353543 ,-6.0801625 ,3 ,Acc ,1
254f4035bff2bd85 ,121646755113 ,12.6676035 ,0.96430755 ,-16.670795 ,3 ,Acc ,1
254f4035bff2bd85 ,121753566637 ,9.674182 ,1.5768701 ,-15.14896 ,3 ,Acc ,1
254f4035bff2bd85 ,121860256090 ,17.257036 ,-3.5389848 ,-5.032106 ,3 ,Acc ,1
254f4035bff2bd85 ,121966945543 ,14.304294 ,-5.733203 ,5.6757755 ,3 ,Acc ,1
254f4035bff2bd85 ,122073757067 ,10.796415 ,-17.517855 ,10.999805 ,3 ,Acc ,1
254f4035bff2bd85 ,122180446520 ,29.570501 ,-23.789442 ,0.6963114 ,3 ,Acc ,1
254f4035bff2bd85 ,122287135973 ,67.12107 ,-25.794628 ,-7.7910304 ,3 ,Acc ,1
254f4035bff2bd85 ,122393947496 ,78.283585 ,-12.437892 ,-21.415762 ,3 ,Acc ,1
254f4035bff2bd85 ,122500636949 ,66.695145 ,17.761923 ,-2.3856442 ,3 ,Acc ,1
254f4035bff2bd85 ,122607326403 ,21.781864 ,5.4819565 ,7.8604226 ,3 ,Acc ,1
254f4035bff2bd85 ,122714137926 ,7.152147 ,-5.304888 ,9.521041 ,3 ,Acc ,1
254f4035bff2bd85 ,122820820985 ,14.194224 ,-12.095718 ,10.789237 ,3 ,Acc ,1
254f4035bff2bd85 ,122927510438 ,13.2610235 ,-17.099112 ,7.233503 ,3 ,Acc ,1
254f4035bff2bd85 ,123034199891 ,8.60459 ,-12.763316 ,6.582655 ,3 ,Acc ,1
254f4035bff2bd85 ,123141011415 ,5.613562 ,-8.922835 ,4.1276193 ,3 ,Acc ,1
254f4035bff2bd85 ,123247700868 ,5.259424 ,-7.271788 ,1.3351951 ,3 ,Acc ,1
254f4035bff2bd85 ,123354390321 ,5.9437714 ,-8.980264 ,1.4524434 ,3 ,Acc ,1
254f4035bff2bd85 ,123461201844 ,5.503492 ,-9.743574 ,3.062813 ,3 ,Acc ,1
254f4035bff2bd85 ,123567891298 ,2.1774685 ,-9.135797 ,2.5459633 ,3 ,Acc ,1
254f4035bff2bd85 ,123674580751 ,1.4045869 ,-7.245467 ,4.5296135 ,3 ,Acc ,1
254f4035bff2bd85 ,123781392274 ,1.8161523 ,-6.314659 ,6.3864436 ,3 ,Acc ,1
254f4035bff2bd85 ,123888081727 ,1.6151553 ,-6.2691956 ,6.029913 ,3 ,Acc ,1
254f4035bff2bd85 ,123994771180 ,3.2398818 ,-8.970692 ,7.652247 ,3 ,Acc ,1
254f4035bff2bd85 ,124101582704 ,3.0293136 ,-6.836294 ,6.0251274 ,3 ,Acc ,1
254f4035bff2bd85 ,124208272157 ,3.3906298 ,-5.1613183 ,7.1186476 ,3 ,Acc ,1
254f4035bff2bd85 ,124314961610 ,3.871587 ,-6.910472 ,7.4656067 ,3 ,Acc ,1
254f4035bff2bd85 ,124421773134 ,3.385844 ,-4.723432 ,6.876972 ,3 ,Acc ,1
254f4035bff2bd85 ,124528462587 ,2.7876384 ,-4.9196434 ,7.982456 ,3 ,Acc ,1
254f4035bff2bd85 ,124635152040 ,2.495714 ,-5.6374903 ,7.9011 ,3 ,Acc ,1
254f4035bff2bd85 ,124741963563 ,2.349752 ,-6.24766 ,7.7479596 ,3 ,Acc ,1
254f4035bff2bd85 ,124848647021 ,1.5529419 ,-5.6446686 ,7.7623167 ,3 ,Acc ,1
254f4035bff2bd85 ,124955336474 ,1.6701902 ,-6.1447687 ,7.8891363 ,3 ,Acc ,1
254f4035bff2bd85 ,125062025928 ,1.3256238 ,-6.206982 ,7.348358 ,3 ,Acc ,1
254f4035bff2bd85 ,125168837451 ,1.6534405 ,-5.962914 ,7.972885 ,3 ,Acc ,1
254f4035bff2bd85 ,125275526904 ,1.6366907 ,-5.8935223 ,7.7886376 ,3 ,Acc ,1
254f4035bff2bd85 ,125382216357 ,1.6175481 ,-5.8863435 ,7.9537425 ,3 ,Acc ,1
254f4035bff2bd85 ,125489027881 ,1.5361922 ,-5.9988065 ,7.932207 ,3 ,Acc ,1
254f4035bff2bd85 ,125595717334 ,1.6151553 ,-6.053841 ,7.9633136 ,3 ,Acc ,1
254f4035bff2bd85 ,125702406787 ,1.6223338 ,-5.852844 ,7.8628154 ,3 ,Acc ,1
254f4035bff2bd85 ,125809218310 ,1.6534405 ,-5.9437714 ,7.8556366 ,3 ,Acc ,1
254f4035bff2bd85 ,125915907764 ,1.538585 ,-6.096912 ,7.8580294 ,3 ,Acc ,1
254f4035bff2bd85 ,126022597217 ,1.5481563 ,-5.946164 ,7.812566 ,3 ,Acc ,1
254f4035bff2bd85 ,126129408740 ,1.7850457 ,-6.0011992 ,7.877172 ,3 ,Acc ,1
254f4035bff2bd85 ,126236098193 ,1.7778672 ,-5.7188463 ,7.623533 ,3 ,Acc ,1
254f4035bff2bd85 ,126342787646 ,1.8879371 ,-5.386244 ,7.1138616 ,3 ,Acc ,1
254f4035bff2bd85 ,126449599170 ,2.57707 ,-5.4317074 ,7.496713 ,3 ,Acc ,1
254f4035bff2bd85 ,126556288623 ,3.1393833 ,-5.855237 ,7.1425757 ,3 ,Acc ,1
254f4035bff2bd85 ,126662978076 ,3.7806597 ,-4.610969 ,7.3100734 ,3 ,Acc ,1
254f4035bff2bd85 ,126769789599 ,3.6083765 ,-4.8526444 ,6.8051877 ,3 ,Acc ,1
254f4035bff2bd85 ,126876473044 ,3.3714871 ,-5.8863435 ,5.855237 ,3 ,Acc ,1
254f4035bff2bd85 ,126983162497 ,4.910072 ,-7.1856465 ,5.2498527 ,3 ,Acc ,1
254f4035bff2bd85 ,127089974020 ,5.103891 ,-7.733603 ,4.7569313 ,3 ,Acc ,1
254f4035bff2bd85 ,127196663473 ,5.938986 ,-7.4679995 ,4.991428 ,3 ,Acc ,1
254f4035bff2bd85 ,127303352926 ,5.989235 ,-7.2789664 ,5.144569 ,3 ,Acc ,1
254f4035bff2bd85 ,127410042380 ,6.3696938 ,-6.8051877 ,5.261817 ,3 ,Acc ,1
254f4035bff2bd85 ,127516853903 ,6.410372 ,-6.202196 ,5.3407803 ,3 ,Acc ,1
254f4035bff2bd85 ,127623543356 ,6.2141604 ,-6.125626 ,5.4843497 ,3 ,Acc ,1
254f4035bff2bd85 ,127730232809 ,6.300302 ,-5.9150577 ,4.7401814 ,3 ,Acc ,1
254f4035bff2bd85 ,127837044333 ,6.2668023 ,-6.02752 ,5.06082 ,3 ,Acc ,1
254f4035bff2bd85 ,127943733786 ,6.1830535 ,-5.9581285 ,4.625326 ,3 ,Acc ,1
254f4035bff2bd85 ,128050423239 ,6.3625154 ,-6.695118 ,4.900501 ,3 ,Acc ,1
254f4035bff2bd85 ,128157234762 ,6.367301 ,-7.1018977 ,4.165904 ,3 ,Acc ,1
254f4035bff2bd85 ,128263924215 ,6.0634127 ,-6.8721867 ,4.082155 ,3 ,Acc ,1
254f4035bff2bd85 ,128360970114 ,5.879165 ,-6.6041903 ,3.8644085 ,3 ,Acc ,1
254f4035bff2bd85 ,128467659567 ,5.6614184 ,-7.30768 ,3.8261235 ,3 ,Acc ,1
254f4035bff2bd85 ,128574349020 ,5.568098 ,-7.60439 ,3.8117664 ,3 ,Acc ,1
254f4035bff2bd85 ,128681160544 ,5.666204 ,-6.778867 ,3.5724843 ,3 ,Acc ,1
254f4035bff2bd85 ,128787849997 ,5.541777 ,-6.6424756 ,4.462614 ,3 ,Acc ,1
254f4035bff2bd85 ,128894534289 ,5.584848 ,-7.2502527 ,4.9028935 ,3 ,Acc ,1
254f4035bff2bd85 ,129001345812 ,5.7786665 ,-6.879365 ,5.197211 ,3 ,Acc ,1
254f4035bff2bd85 ,129108035265 ,5.17089 ,-6.0107703 ,5.3503513 ,3 ,Acc ,1
254f4035bff2bd85 ,129214724719 ,4.7832522 ,-6.6161547 ,6.0753765 ,3 ,Acc ,1
254f4035bff2bd85 ,129321536242 ,4.6755753 ,-6.384051 ,6.0251274 ,3 ,Acc ,1
254f4035bff2bd85 ,129428225695 ,4.6492543 ,-5.7403817 ,6.0155563 ,3 ,Acc ,1
254f4035bff2bd85 ,129535037219 ,4.6468616 ,-6.005985 ,6.300302 ,3 ,Acc ,1
254f4035bff2bd85 ,129641726672 ,4.3525443 ,-6.8219376 ,6.3122663 ,3 ,Acc ,1
254f4035bff2bd85 ,129748416125 ,3.3954153 ,-7.513463 ,4.8263235 ,3 ,Acc ,1
254f4035bff2bd85 ,129855105578 ,3.0580273 ,-7.6713896 ,3.9361932 ,3 ,Acc ,1
254f4035bff2bd85 ,129961917101 ,3.5820556 ,-7.7479596 ,5.300102 ,3 ,Acc ,1
254f4035bff2bd85 ,130068606554 ,3.1609187 ,-5.9270215 ,5.029713 ,3 ,Acc ,1
254f4035bff2bd85 ,130282107531 ,3.9888353 ,-9.059227 ,4.141976 ,3 ,Acc ,1
254f4035bff2bd85 ,130388796984 ,5.1852465 ,-10.006784 ,1.8113668 ,3 ,Acc ,1
254f4035bff2bd85 ,130495486437 ,5.5633125 ,-8.606983 ,0.016749758 ,3 ,Acc ,1
254f4035bff2bd85 ,130602297961 ,5.8911295 ,-10.470992 ,1.6103697 ,3 ,Acc ,1
254f4035bff2bd85 ,130708987414 ,4.1467614 ,-8.520842 ,-0.63888365 ,3 ,Acc ,1
254f4035bff2bd85 ,130815676867 ,3.739982 ,-8.037491 ,0.5982057 ,3 ,Acc ,1
254f4035bff2bd85 ,130922483187 ,4.9196434 ,-8.336594 ,3.0915267 ,3 ,Acc ,1
254f4035bff2bd85 ,131029172641 ,4.610969 ,-8.446664 ,1.591227 ,3 ,Acc ,1
254f4035bff2bd85 ,131135862094 ,4.113262 ,-8.209774 ,2.7828526 ,3 ,Acc ,1
254f4035bff2bd85 ,131242551547 ,5.1996036 ,-7.7742805 ,2.751746 ,3 ,Acc ,1
254f4035bff2bd85 ,131349363070 ,3.8572302 ,-9.229117 ,1.2466606 ,3 ,Acc ,1
254f4035bff2bd85 ,131456052523 ,4.685147 ,-8.286345 ,1.2777673 ,3 ,Acc ,1
254f4035bff2bd85 ,131562741976 ,4.3501515 ,-9.186047 ,1.1700903 ,3 ,Acc ,1
254f4035bff2bd85 ,131669553500 ,4.469793 ,-8.810373 ,1.6199409 ,3 ,Acc ,1
254f4035bff2bd85 ,131776242953 ,4.182654 ,-9.54497 ,1.2514462 ,3 ,Acc ,1
254f4035bff2bd85 ,131882932406 ,3.9361932 ,-8.556734 ,2.7900312 ,3 ,Acc ,1
254f4035bff2bd85 ,131989743930 ,3.6610186 ,-8.60459 ,4.496114 ,3 ,Acc ,1
254f4035bff2bd85 ,132096433383 ,4.1347976 ,-7.879565 ,3.603591 ,3 ,Acc ,1
254f4035bff2bd85 ,132203122836 ,4.5487556 ,-7.6307116 ,3.8572302 ,3 ,Acc ,1
254f4035bff2bd85 ,132309934359 ,4.180261 ,-8.075776 ,3.7998023 ,3 ,Acc ,1
254f4035bff2bd85 ,132416623812 ,4.2592244 ,-8.008778 ,3.67059 ,3 ,Acc ,1
254f4035bff2bd85 ,132523313266 ,4.06062 ,-8.17149 ,4.0510488 ,3 ,Acc ,1
254f4035bff2bd85 ,132630124789 ,4.048656 ,-8.111669 ,4.1467614 ,3 ,Acc ,1
254f4035bff2bd85 ,132736814242 ,4.005585 ,-8.063812 ,3.8213377 ,3 ,Acc ,1
254f4035bff2bd85 ,132843498820 ,4.125226 ,-8.147561 ,3.8668015 ,3 ,Acc ,1
254f4035bff2bd85 ,132950310344 ,3.9768713 ,-7.8628154 ,4.058227 ,3 ,Acc ,1
254f4035bff2bd85 ,133056999797 ,3.7854455 ,-9.116654 ,4.220939 ,3 ,Acc ,1
254f4035bff2bd85 ,133163689250 ,4.8095737 ,-7.2358956 ,4.2329035 ,3 ,Acc ,1
254f4035bff2bd85 ,133270500773 ,3.5198421 ,-8.671589 ,3.0723844 ,3 ,Acc ,1
254f4035bff2bd85 ,133377190226 ,3.3643086 ,-8.599805 ,3.1465619 ,3 ,Acc ,1
