254f4035bff2bd85 ,53662447068 ,0.32834008 ,-0.011362093 ,-0.009468413 ,3 ,Acc ,4
254f4035bff2bd85 ,53769136521 ,0.83108217 ,-0.024801126 ,0.026572635 ,3 ,Acc ,4
254f4035bff2bd85 ,53875948044 ,5.0448303 ,2.4434738E-4 ,-0.13591751 ,3 ,Acc ,4
254f4035bff2bd85 ,53982637497 ,11.001988 ,-0.12009611 ,0.45173484 ,3 ,Acc ,4
254f4035bff2bd85 ,54089326950 ,1.8695531 ,0.15784758 ,0.052228972 ,3 ,Acc ,4
254f4035bff2bd85 ,54196138474 ,0.19211712 ,0.036285397 ,0.07483099 ,3 ,Acc ,4
254f4035bff2bd85 ,54302827927 ,0.054061573 ,-0.0040317085 ,0.1151481 ,3 ,Acc ,4
254f4035bff2bd85 ,54409517380 ,-2.499966 ,-0.032131508 ,-0.12186762 ,3 ,Acc ,4
254f4035bff2bd85 ,54516206833 ,-9.210931 ,0.2824641 ,-0.20677789 ,3 ,Acc ,4
254f4035bff2bd85 ,54622996237 ,-5.369811 ,0.27269024 ,0.16584991 ,3 ,Acc ,4
254f4035bff2bd85 ,54836375143 ,-1.4492779 ,0.19449951 ,-0.24404067 ,3 ,Acc ,4
254f4035bff2bd85 ,55049876119 ,0.53847766 ,-0.45546114 ,-0.15607607 ,3 ,Acc ,4
254f4035bff2bd85 ,55156565573 ,0.051618114 ,-0.029688047 ,-0.009468413 ,3 ,Acc ,4
254f4035bff2bd85 ,55263255026 ,-0.116980694 ,0.024068093 ,0.0064140838 ,3 ,Acc ,4
254f4035bff2bd85 ,55370066549 ,0.2910773 ,-0.044348814 ,0.09560041 ,3 ,Acc ,4
254f4035bff2bd85 ,55583445455 ,0.12186762 ,-0.010751227 ,-3.054347E-4 ,3 ,Acc ,4
254f4035bff2bd85 ,55796946432 ,1.0076222 ,-0.16346753 ,0.29840767 ,3 ,Acc ,4
254f4035bff2bd85 ,56010447408 ,0.29535335 ,0.052167892 ,0.10170906 ,3 ,Acc ,4
254f4035bff2bd85 ,56117136862 ,1.3429872 ,0.047891837 ,0.16707164 ,3 ,Acc ,4
254f4035bff2bd85 ,56223826315 ,-0.09437868 ,0.15418239 ,0.06444628 ,3 ,Acc ,4
254f4035bff2bd85 ,56330515768 ,0.3912592 ,0.1645671 ,0.13225232 ,3 ,Acc ,4
254f4035bff2bd85 ,56427561666 ,0.10476339 ,0.07110472 ,0.026572635 ,3 ,Acc ,4
254f4035bff2bd85 ,56544016744 ,0.54275376 ,0.13952163 ,0.08704829 ,3 ,Acc ,4
254f4035bff2bd85 ,56650685472 ,1.2049316 ,0.16334538 ,0.2330451 ,3 ,Acc ,4
254f4035bff2bd85 ,56757496995 ,5.2079315 ,0.15357153 ,0.5561928 ,3 ,Acc ,4
254f4035bff2bd85 ,56864186448 ,1.8860464 ,0.24214698 ,0.56169057 ,3 ,Acc ,4
254f4035bff2bd85 ,56970875901 ,0.7113525 ,-0.32534683 ,0.50488013 ,3 ,Acc ,4
254f4035bff2bd85 ,57077565354 ,1.1090258 ,-0.59534925 ,0.31978795 ,3 ,Acc ,4
254f4035bff2bd85 ,57184376878 ,0.27397308 ,-0.32168165 ,0.032681286 ,3 ,Acc ,4
254f4035bff2bd85 ,57397755784 ,-0.8524625 ,-0.19950858 ,0.20555615 ,3 ,Acc ,4
254f4035bff2bd85 ,57611256761 ,-0.15302174 ,0.00268781 ,0.12186761 ,3 ,Acc ,4
254f4035bff2bd85 ,57717946214 ,0.006414085 ,0.05522222 ,0.09865473 ,3 ,Acc ,4
254f4035bff2bd85 ,57824635667 ,0.113926366 ,0.114476144 ,0.053450704 ,3 ,Acc ,4
254f4035bff2bd85 ,57931447190 ,0.636827 ,0.11203269 ,-0.02657264 ,3 ,Acc ,4
254f4035bff2bd85 ,58038136643 ,0.1414153 ,0.046059243 ,-0.023518313 ,3 ,Acc ,4
254f4035bff2bd85 ,58144826097 ,0.15790866 ,-0.010140361 ,0.021685714 ,3 ,Acc ,4
254f4035bff2bd85 ,58251637620 ,0.28863382 ,-0.052290067 ,-0.024129178 ,3 ,Acc ,4
254f4035bff2bd85 ,58358327073 ,0.5592471 ,0.011850787 ,-0.19883664 ,3 ,Acc ,4
254f4035bff2bd85 ,58465016526 ,0.6575964 ,0.24886651 ,-0.08277224 ,3 ,Acc ,4
254f4035bff2bd85 ,58571828050 ,0.1591304 ,0.20488422 ,-0.11331551 ,3 ,Acc ,4
254f4035bff2bd85 ,58678495810 ,0.19211712 ,-0.045570545 ,0.06688974 ,3 ,Acc ,4
254f4035bff2bd85 ,58785185263 ,-0.12308934 ,-0.3503923 ,0.06566801 ,3 ,Acc ,4
254f4035bff2bd85 ,58891874716 ,-1.2483032 ,-0.30030137 ,0.2275473 ,3 ,Acc ,4
254f4035bff2bd85 ,58998686239 ,0.11881329 ,0.1486846 ,0.05406157 ,3 ,Acc ,4
254f4035bff2bd85 ,59105375693 ,0.7626652 ,0.1841148 ,-0.115148105 ,3 ,Acc ,4
254f4035bff2bd85 ,59212065146 ,0.113926366 ,-0.24837781 ,-0.068722345 ,3 ,Acc ,4
254f4035bff2bd85 ,59318876669 ,-0.99479413 ,-0.34611624 ,0.3191771 ,3 ,Acc ,4
254f4035bff2bd85 ,59425566122 ,-0.61605763 ,-0.05656612 ,0.21288654 ,3 ,Acc ,4
254f4035bff2bd85 ,59532255575 ,-0.14996742 ,0.05522222 ,0.08093964 ,3 ,Acc ,4
254f4035bff2bd85 ,59638945029 ,0.12797627 ,0.08759808 ,-0.05100725 ,3 ,Acc ,4
254f4035bff2bd85 ,59745756552 ,0.419359 ,0.16701056 ,-0.11209378 ,3 ,Acc ,4
254f4035bff2bd85 ,59852446005 ,0.854295 ,0.16090192 ,-0.12186762 ,3 ,Acc ,4
254f4035bff2bd85 ,59959135458 ,0.4541783 ,-0.05778785 ,-0.074830994 ,3 ,Acc ,4
254f4035bff2bd85 ,60065946982 ,-0.8659015 ,-0.25815165 ,0.26725355 ,3 ,Acc ,4
254f4035bff2bd85 ,60172636435 ,-0.17684549 ,-0.14269811 ,0.26175576 ,3 ,Acc ,4
254f4035bff2bd85 ,60279325888 ,0.12064589 ,0.030176746 ,0.04367686 ,3 ,Acc ,4
254f4035bff2bd85 ,60386015341 ,0.8054258 ,0.06927212 ,-0.18112154 ,3 ,Acc ,4
254f4035bff2bd85 ,60483061239 ,1.2733486 ,0.17373009 ,-0.38026363 ,3 ,Acc ,4
254f4035bff2bd85 ,60589872763 ,0.59895337 ,0.26535985 ,-0.10842858 ,3 ,Acc ,4
254f4035bff2bd85 ,60696542099 ,-0.3472769 ,-0.27403414 ,0.29718593 ,3 ,Acc ,4
254f4035bff2bd85 ,60803231552 ,0.8549059 ,-0.07061602 ,-0.21227567 ,3 ,Acc ,4
254f4035bff2bd85 ,60909921005 ,0.2556471 ,0.1841148 ,0.0015271623 ,3 ,Acc ,4
254f4035bff2bd85 ,61016732529 ,-0.2855795 ,-0.073059484 ,0.05406157 ,3 ,Acc ,4
254f4035bff2bd85 ,61123421982 ,-0.3032946 ,-0.14147638 ,0.1957823 ,3 ,Acc ,4
254f4035bff2bd85 ,61230111435 ,-0.13469578 ,-0.11459833 ,0.02596177 ,3 ,Acc ,4
254f4035bff2bd85 ,61336922958 ,0.016187929 ,0.08454375 ,-0.022907449 ,3 ,Acc ,4
254f4035bff2bd85 ,61443612412 ,0.03268129 ,0.112643555 ,-0.015577065 ,3 ,Acc ,4
254f4035bff2bd85 ,61550301865 ,0.005192355 ,0.079045966 ,9.162966E-4 ,3 ,Acc ,4
254f4035bff2bd85 ,61657113388 ,0.73456544 ,0.13402385 ,-0.05772677 ,3 ,Acc ,4
254f4035bff2bd85 ,61763802841 ,0.7461719 ,0.22626449 ,-0.32711834 ,3 ,Acc ,4
254f4035bff2bd85 ,61870492294 ,-6.01855 ,0.057054818 ,-1.1481212 ,3 ,Acc ,4
254f4035bff2bd85 ,61977181747 ,-11.111333 ,1.3417045 ,-0.70096785 ,3 ,Acc ,4
254f4035bff2bd85 ,62083993271 ,0.87995136 ,1.1120192 ,-0.32711834 ,3 ,Acc ,4
254f4035bff2bd85 ,62190682724 ,14.962228 ,-0.42858306 ,0.15485434 ,3 ,Acc ,4
254f4035bff2bd85 ,62297372177 ,-1.416902 ,0.13035865 ,-0.31429017 ,3 ,Acc ,4
254f4035bff2bd85 ,62404183701 ,-10.774746 ,0.19083431 ,-0.52626044 ,3 ,Acc ,4
254f4035bff2bd85 ,62510873154 ,0.4877759 ,-0.22149973 ,0.2910773 ,3 ,Acc ,4
254f4035bff2bd85 ,62617562607 ,-4.6019535 ,0.29895744 ,1.3839152 ,3 ,Acc ,4
254f4035bff2bd85 ,62714588976 ,4.3875394 ,0.25375342 ,3.4950657 ,3 ,Acc ,4
254f4035bff2bd85 ,62821278429 ,5.3411 ,-3.4645834 ,0.5525276 ,3 ,Acc ,4
254f4035bff2bd85 ,62928089953 ,11.350182 ,-8.91961 ,0.36071593 ,3 ,Acc ,4
254f4035bff2bd85 ,63034779406 ,-8.710632 ,2.4424834 ,-1.0338894 ,3 ,Acc ,4
254f4035bff2bd85 ,63141468859 ,-13.239588 ,3.7790568 ,-0.72784597 ,3 ,Acc ,4
254f4035bff2bd85 ,63354969836 ,-1.6148223 ,-1.6558113 ,0.24709499 ,3 ,Acc ,4
254f4035bff2bd85 ,63461659289 ,-3.3887749 ,-0.46767843 ,0.4926628 ,3 ,Acc ,4
254f4035bff2bd85 ,63568348742 ,-3.0466902 ,-0.4615698 ,0.05955936 ,3 ,Acc ,4
254f4035bff2bd85 ,63675160265 ,-2.8041768 ,0.6960198 ,0.9129381 ,3 ,Acc ,4
254f4035bff2bd85 ,63781849718 ,-0.7993172 ,1.0087829 ,1.2238685 ,3 ,Acc ,4
254f4035bff2bd85 ,63888539172 ,-0.76205444 ,1.121793 ,0.9049969 ,3 ,Acc ,4
254f4035bff2bd85 ,63995350695 ,0.81031275 ,-0.44446555 ,0.1518 ,3 ,Acc ,4
254f4035bff2bd85 ,64102040148 ,0.96852684 ,0.09798279 ,-0.028405234 ,3 ,Acc ,4
254f4035bff2bd85 ,64208778287 ,3.443753 ,0.77726495 ,-0.27214047 ,3 ,Acc ,4
254f4035bff2bd85 ,64315419054 ,0.91721416 ,1.8230662 ,-1.7595973 ,3 ,Acc ,4
254f4035bff2bd85 ,64422230578 ,-3.6282341 ,0.20793854 ,-1.7553213 ,3 ,Acc ,4
254f4035bff2bd85 ,64528920031 ,2.2317963 ,-0.6808704 ,-0.90072083 ,3 ,Acc ,4
254f4035bff2bd85 ,64849092359 ,3.7186422 ,-1.6484809 ,0.8029824 ,3 ,Acc ,4
254f4035bff2bd85 ,64955781812 ,3.2592716 ,-0.45301768 ,1.2935071 ,3 ,Acc ,4
254f4035bff2bd85 ,65062471265 ,-5.8401775 ,0.10164798 ,-0.07666359 ,3 ,Acc ,4
254f4035bff2bd85 ,65169282788 ,4.509102 ,-1.2117122 ,-0.2843578 ,3 ,Acc ,4
254f4035bff2bd85 ,65275972241 ,-11.330023 ,-0.7358483 ,-0.7425067 ,3 ,Acc ,4
254f4035bff2bd85 ,65382661695 ,-3.0271425 ,-0.04740314 ,1.5060883 ,3 ,Acc ,4
254f4035bff2bd85 ,65489473218 ,-0.8604037 ,0.079045966 ,2.5225682 ,3 ,Acc ,4
254f4035bff2bd85 ,65596162671 ,0.31306845 ,-1.4444519 ,0.12858713 ,3 ,Acc ,4
254f4035bff2bd85 ,65702852124 ,9.886549 ,-2.405954 ,-0.55924714 ,3 ,Acc ,4
254f4035bff2bd85 ,65809663648 ,-5.2225924 ,-1.1542909 ,-0.86712325 ,3 ,Acc ,4
254f4035bff2bd85 ,65916353101 ,-0.47311515 ,-1.0333396 ,-1.003957 ,3 ,Acc ,4
254f4035bff2bd85 ,66023042554 ,-0.8640689 ,-0.6429968 ,-0.9611965 ,3 ,Acc ,4
254f4035bff2bd85 ,66129732007 ,-1.2092078 ,-0.14697418 ,-0.50976706 ,3 ,Acc ,4
254f4035bff2bd85 ,66236543531 ,-1.1951579 ,-0.18545868 ,0.08888089 ,3 ,Acc ,4
254f4035bff2bd85 ,66333589429 ,-1.6349809 ,0.03200934 ,0.61727935 ,3 ,Acc ,4
254f4035bff2bd85 ,66440278882 ,-0.8268061 ,0.32278118 ,1.31672 ,3 ,Acc ,4
254f4035bff2bd85 ,66546968335 ,-3.7607918 ,0.96663314 ,1.2574661 ,3 ,Acc ,4
254f4035bff2bd85 ,66653639802 ,0.011301007 ,0.011239924 ,0.48777592 ,3 ,Acc ,4
254f4035bff2bd85 ,66760451326 ,-2.1255054 ,0.008796461 ,0.37720928 ,3 ,Acc ,4
254f4035bff2bd85 ,66867140779 ,0.23915374 ,0.59461623 ,0.45173484 ,3 ,Acc ,4
254f4035bff2bd85 ,66973830232 ,-0.01985312 ,0.44067818 ,0.9147707 ,3 ,Acc ,4
254f4035bff2bd85 ,67080641755 ,-0.569021 ,0.0643852 ,0.8249735 ,3 ,Acc ,4
254f4035bff2bd85 ,67187331209 ,-0.6814202 ,-0.7150789 ,0.56230146 ,3 ,Acc ,4
254f4035bff2bd85 ,67294020662 ,-0.10781772 ,-1.022344 ,0.4352415 ,3 ,Acc ,4
254f4035bff2bd85 ,67400710115 ,0.036957346 ,-0.37727037 ,0.66859204 ,3 ,Acc ,4
254f4035bff2bd85 ,67507521638 ,0.7064656 ,0.7656585 ,0.6899723 ,3 ,Acc ,4
254f4035bff2bd85 ,67604567537 ,0.10476339 ,0.9922895 ,0.29046643 ,3 ,Acc ,4
254f4035bff2bd85 ,67711256990 ,-0.10048733 ,1.0979693 ,0.17989981 ,3 ,Acc ,4
254f4035bff2bd85 ,67817946443 ,-0.3136793 ,1.0515435 ,0.14019357 ,3 ,Acc ,4
254f4035bff2bd85 ,67924635896 ,-0.15057828 ,1.0875845 ,-0.14630222 ,3 ,Acc ,4
254f4035bff2bd85 ,68031447420 ,0.021074852 ,1.1584449 ,-0.56779927 ,3 ,Acc ,4
254f4035bff2bd85 ,68138136873 ,0.008857546 ,1.1944859 ,-1.2574661 ,3 ,Acc ,4
254f4035bff2bd85 ,68264235505 ,-0.9117164 ,0.7528303 ,-1.0290025 ,3 ,Acc ,4
254f4035bff2bd85 ,68574782380 ,-1.4230106 ,1.2207532 ,0.7828238 ,3 ,Acc ,4
254f4035bff2bd85 ,68681454698 ,0.28802297 ,1.4950316 ,2.2250767 ,3 ,Acc ,4
254f4035bff2bd85 ,68788144151 ,2.4883597 ,1.5915483 ,3.5995235 ,3 ,Acc ,4
254f4035bff2bd85 ,68894955674 ,-2.9538388 ,-0.13903292 ,2.581211 ,3 ,Acc ,4
254f4035bff2bd85 ,69001645127 ,-6.9305716 ,-2.4578774 ,-6.7460904 ,3 ,Acc ,4
254f4035bff2bd85 ,69108334580 ,0.2293799 ,-1.6564221 ,0.30940324 ,3 ,Acc ,4
254f4035bff2bd85 ,69215024034 ,0.4297437 ,-0.15308282 ,0.93309665 ,3 ,Acc ,4
254f4035bff2bd85 ,69321835557 ,-1.7754799 ,2.068634 ,0.3924809 ,3 ,Acc ,4
254f4035bff2bd85 ,69428525010 ,-2.3704624 ,2.2537262 ,3.5689802 ,3 ,Acc ,4
254f4035bff2bd85 ,69535214463 ,4.0411787 ,0.79803437 ,5.499925 ,3 ,Acc ,4
254f4035bff2bd85 ,69642025987 ,1.1224649 ,0.89882714 ,3.0497448 ,3 ,Acc ,4
254f4035bff2bd85 ,69738949815 ,-4.0491204 ,-5.021679 ,-6.506631 ,3 ,Acc ,4
254f4035bff2bd85 ,69865170518 ,4.6746464 ,-2.5036924 ,-2.5274549 ,3 ,Acc ,4
254f4035bff2bd85 ,69971859971 ,4.266588 ,-0.80976295 ,-0.2648101 ,3 ,Acc ,4
254f4035bff2bd85 ,70078549424 ,6.4632597 ,-1.203771 ,-2.0931296 ,3 ,Acc ,4
254f4035bff2bd85 ,70185360948 ,4.2775836 ,-1.022344 ,2.899472 ,3 ,Acc ,4
254f4035bff2bd85 ,70398739854 ,-0.50854534 ,0.40280452 ,-0.9776898 ,3 ,Acc ,4
254f4035bff2bd85 ,70612240830 ,-2.3961189 ,1.2757311 ,0.8848383 ,3 ,Acc ,4
254f4035bff2bd85 ,70825603213 ,-12.544423 ,2.0356474 ,0.033292152 ,3 ,Acc ,4
254f4035bff2bd85 ,70932414736 ,-1.915368 ,0.053389624 ,3.6257908 ,3 ,Acc ,4
254f4035bff2bd85 ,71039104189 ,2.2660048 ,-0.37055087 ,3.8988476 ,3 ,Acc ,4
254f4035bff2bd85 ,71145793642 ,2.4364362 ,-1.5715119 ,2.5537224 ,3 ,Acc ,4
254f4035bff2bd85 ,71252605166 ,-2.2006419 ,-2.608761 ,-3.8102717 ,3 ,Acc ,4
254f4035bff2bd85 ,71359294619 ,0.37048978 ,0.034452803 ,-4.3545527 ,3 ,Acc ,4
254f4035bff2bd85 ,71465984072 ,-0.750448 ,-1.208047 ,0.29168814 ,3 ,Acc ,4
254f4035bff2bd85 ,71572795595 ,4.5188756 ,-0.06328564 ,-1.2324207 ,3 ,Acc ,4
254f4035bff2bd85 ,71679485049 ,0.19456059 ,-2.295998 ,-2.8909197 ,3 ,Acc ,4
254f4035bff2bd85 ,71786174502 ,5.1187453 ,-4.1786847 ,0.9642508 ,3 ,Acc ,4
254f4035bff2bd85 ,71892863955 ,7.79067 ,-0.86474085 ,3.0833426 ,3 ,Acc ,4
254f4035bff2bd85 ,71999675478 ,0.5085453 ,-1.4566692 ,-5.1822753 ,3 ,Acc ,4
254f4035bff2bd85 ,72106364931 ,-0.027183503 ,1.8713247 ,3.5219436 ,3 ,Acc ,4
254f4035bff2bd85 ,72213054385 ,0.10781772 ,0.4736649 ,3.652669 ,3 ,Acc ,4
254f4035bff2bd85 ,72319865908 ,-2.1401663 ,-0.31312954 ,-0.84940815 ,3 ,Acc ,4
254f4035bff2bd85 ,72426555361 ,-1.8432859 ,0.7638259 ,-1.9184223 ,3 ,Acc ,4
254f4035bff2bd85 ,72533244814 ,-5.729611 ,0.9055466 ,-0.18967366 ,3 ,Acc ,4
254f4035bff2bd85 ,72639934267 ,-1.3790283 ,1.0857519 ,-2.119397 ,3 ,Acc ,4
254f4035bff2bd85 ,72746730004 ,0.8866709 ,0.30384436 ,-1.9538525 ,3 ,Acc ,4
254f4035bff2bd85 ,72853419457 ,-0.17989981 ,-0.6772052 ,0.34483343 ,3 ,Acc ,4
254f4035bff2bd85 ,72960108910 ,0.7620544 ,-1.398637 ,1.4193454 ,3 ,Acc ,4
254f4035bff2bd85 ,73066920433 ,-0.5745188 ,8.783265 ,1.1621711 ,3 ,Acc ,4
254f4035bff2bd85 ,73173609887 ,-2.7748554 ,1.2714549 ,1.7950275 ,3 ,Acc ,4
254f4035bff2bd85 ,73280299340 ,0.21838433 ,-1.9985067 ,1.0418307 ,3 ,Acc ,4
254f4035bff2bd85 ,73387110863 ,-0.79992807 ,-2.2452965 ,1.035722 ,3 ,Acc ,4
254f4035bff2bd85 ,73493800316 ,-5.1315737 ,1.3655282 ,-0.39370266 ,3 ,Acc ,4
254f4035bff2bd85 ,73600489769 ,7.7424116 ,3.8884015 ,-0.17928895 ,3 ,Acc ,4
254f4035bff2bd85 ,73707179223 ,2.5500572 ,-0.6576575 ,1.5531249 ,3 ,Acc ,4
254f4035bff2bd85 ,73813990746 ,-0.21838433 ,-0.09260717 ,-0.20983222 ,3 ,Acc ,4
254f4035bff2bd85 ,73920680199 ,1.2134838 ,1.9812804 ,-1.5635096 ,3 ,Acc ,4
254f4035bff2bd85 ,74027369652 ,-0.5940665 ,2.8273287 ,-1.3075571 ,3 ,Acc ,4
254f4035bff2bd85 ,74134181176 ,1.3118331 ,2.934841 ,1.566564 ,3 ,Acc ,4
254f4035bff2bd85 ,74240870629 ,-0.3136793 ,2.44004 ,2.5079074 ,3 ,Acc ,4
254f4035bff2bd85 ,74347560082 ,-1.779145 ,-2.8280618 ,-1.6667458 ,3 ,Acc ,4
254f4035bff2bd85 ,74454371605 ,-1.5549575 ,-6.643526 ,-12.056952 ,3 ,Acc ,4
254f4035bff2bd85 ,74561061058 ,5.949522 ,-6.771197 ,3.0863967 ,3 ,Acc ,4
254f4035bff2bd85 ,74667736003 ,7.4876804 ,-1.7260607 ,5.5408535 ,3 ,Acc ,4
254f4035bff2bd85 ,74774425456 ,2.200642 ,2.4125512 ,3.5439348 ,3 ,Acc ,4
254f4035bff2bd85 ,74881236979 ,0.4456262 ,4.1064806 ,-0.9184359 ,3 ,Acc ,4
254f4035bff2bd85 ,74987926432 ,-2.0650299 ,0.07171558 ,-12.074057 ,3 ,Acc ,4
254f4035bff2bd85 ,75094615885 ,-11.179139 ,1.3264328 ,-4.5451427 ,3 ,Acc ,4
254f4035bff2bd85 ,75201427409 ,-2.1933117 ,4.2591968 ,-2.802344 ,3 ,Acc ,4
254f4035bff2bd85 ,75308116862 ,-1.5714508 ,4.601892 ,1.3796391 ,3 ,Acc ,4
254f4035bff2bd85 ,75414806315 ,-3.746742 ,4.636101 ,4.545143 ,3 ,Acc ,4
254f4035bff2bd85 ,75521617839 ,-2.250122 ,2.1376617 ,3.5921931 ,3 ,Acc ,4
254f4035bff2bd85 ,75628307292 ,0.79076505 ,-5.776708 ,-4.2470403 ,3 ,Acc ,4
254f4035bff2bd85 ,76161876628 ,4.4388523 ,-0.19889772 ,4.2788057 ,3 ,Acc ,4
254f4035bff2bd85 ,76268688151 ,0.30451632 ,1.4938099 ,-3.4883459 ,3 ,Acc ,4
254f4035bff2bd85 ,76375377604 ,-0.5952882 ,1.5817745 ,-8.401535 ,3 ,Acc ,4
254f4035bff2bd85 ,76482067057 ,-5.8694987 ,2.6336844 ,-0.50671273 ,3 ,Acc ,4
254f4035bff2bd85 ,76588878581 ,-1.8768835 ,2.75769 ,-0.6960809 ,3 ,Acc ,4
254f4035bff2bd85 ,76695554053 ,0.8188648 ,1.5090816 ,0.9593639 ,3 ,Acc ,4
254f4035bff2bd85 ,76802292191 ,1.851227 ,-1.6338202 ,0.09987646 ,3 ,Acc ,4
254f4035bff2bd85 ,76908932959 ,1.0332786 ,-2.6991692 ,0.25625798 ,3 ,Acc ,4
254f4035bff2bd85 ,77015744483 ,0.2941316 ,-1.0394483 ,0.5928447 ,3 ,Acc ,4
254f4035bff2bd85 ,77122433936 ,-2.1719313 ,1.4205061 ,-3.124881 ,3 ,Acc ,4
254f4035bff2bd85 ,77229123389 ,-5.191438 ,1.4070671 ,-2.0344865 ,3 ,Acc ,4
254f4035bff2bd85 ,77335934912 ,-1.1407908 ,2.9537778 ,-3.8719692 ,3 ,Acc ,4
254f4035bff2bd85 ,77442624365 ,-7.5023417 ,3.9152796 ,-1.5464053 ,3 ,Acc ,4
254f4035bff2bd85 ,77549362504 ,-2.2873847 ,1.3441479 ,0.030848695 ,3 ,Acc ,4
254f4035bff2bd85 ,77656125342 ,4.259258 ,-1.289903 ,-0.44318274 ,3 ,Acc ,4
254f4035bff2bd85 ,77762814795 ,3.9257257 ,-3.0149865 ,1.0564915 ,3 ,Acc ,4
254f4035bff2bd85 ,77869504248 ,9.402743 ,-3.602639 ,6.4431014 ,3 ,Acc ,4
254f4035bff2bd85 ,77976193701 ,3.6593883 ,2.670947 ,4.5555277 ,3 ,Acc ,4
254f4035bff2bd85 ,78083005225 ,2.8163943 ,2.7021012 ,0.79259765 ,3 ,Acc ,4
254f4035bff2bd85 ,78189694678 ,1.466382 ,1.5426792 ,-1.3625349 ,3 ,Acc ,4
254f4035bff2bd85 ,78296384131 ,0.72051555 ,-0.50433034 ,-1.1267409 ,3 ,Acc ,4
254f4035bff2bd85 ,78403195654 ,-0.30085114 ,-0.49150217 ,-2.181705 ,3 ,Acc ,4
254f4035bff2bd85 ,78509885108 ,-4.8835626 ,-0.48783702 ,-5.0588803 ,3 ,Acc ,4
254f4035bff2bd85 ,78606931006 ,-14.254234 ,3.4607959 ,-4.8860054 ,3 ,Acc ,4
254f4035bff2bd85 ,78713606343 ,-0.3924809 ,3.006923 ,0.9978484 ,3 ,Acc ,4
254f4035bff2bd85 ,78820295796 ,-2.9733865 ,1.6843998 ,0.58062744 ,3 ,Acc ,4
254f4035bff2bd85 ,78927107320 ,1.6673566 ,0.52253413 ,4.0442333 ,3 ,Acc ,4
254f4035bff2bd85 ,79033796773 ,0.6771441 ,1.2910026 ,3.8322632 ,3 ,Acc ,4
254f4035bff2bd85 ,79140486226 ,0.00580322 ,-1.6393179 ,-0.70096785 ,3 ,Acc ,4
254f4035bff2bd85 ,79247297749 ,-8.860906 ,-3.7993376 ,-4.567134 ,3 ,Acc ,4
254f4035bff2bd85 ,79353987202 ,2.1981986 ,-1.5519642 ,0.25686884 ,3 ,Acc ,4
254f4035bff2bd85 ,79460676656 ,-4.796209 ,-1.9905654 ,-0.15363261 ,3 ,Acc ,4
254f4035bff2bd85 ,79567366109 ,-2.064419 ,0.64837235 ,-0.99296147 ,3 ,Acc ,4
254f4035bff2bd85 ,79674177632 ,-2.5598307 ,2.353908 ,0.9599747 ,3 ,Acc ,4
254f4035bff2bd85 ,79780867085 ,0.22327125 ,2.3215322 ,3.5714238 ,3 ,Acc ,4
254f4035bff2bd85 ,79887556538 ,2.105958 ,0.3490484 ,5.097976 ,3 ,Acc ,4
254f4035bff2bd85 ,79994368062 ,3.1267138 ,-0.43041566 ,3.4003816 ,3 ,Acc ,4
254f4035bff2bd85 ,80101057515 ,3.0992248 ,-2.3033285 ,-1.4792101 ,3 ,Acc ,4
254f4035bff2bd85 ,80207746968 ,-7.3539014 ,-6.7632556 ,-7.2995343 ,3 ,Acc ,4
254f4035bff2bd85 ,80314558492 ,1.094365 ,-5.085209 ,-3.7717874 ,3 ,Acc ,4
254f4035bff2bd85 ,80421247945 ,12.387431 ,-0.5495344 ,0.34666604 ,3 ,Acc ,4
254f4035bff2bd85 ,80527937398 ,10.731986 ,1.0203893 ,2.2983806 ,3 ,Acc ,4
254f4035bff2bd85 ,80634626851 ,2.917187 ,1.3624738 ,3.0503557 ,3 ,Acc ,4
254f4035bff2bd85 ,80741425248 ,1.5378532 ,0.6703635 ,3.0705142 ,3 ,Acc ,4
254f4035bff2bd85 ,80848114701 ,0.5299256 ,0.50665164 ,1.8341229 ,3 ,Acc ,4
254f4035bff2bd85 ,80954804155 ,-0.24953845 ,0.6007249 ,0.5549711 ,3 ,Acc ,4
254f4035bff2bd85 ,81274994584 ,-0.48899764 ,-1.1457388 ,-1.2024882 ,3 ,Acc ,4
254f4035bff2bd85 ,81381806108 ,1.2641855 ,-0.5892406 ,0.61483586 ,3 ,Acc ,4
254f4035bff2bd85 ,81488495561 ,1.2092078 ,-0.2960253 ,0.8720101 ,3 ,Acc ,4
254f4035bff2bd85 ,81701874467 ,0.75411314 ,0.3313333 ,1.9410243 ,3 ,Acc ,4
254f4035bff2bd85 ,81915375444 ,-0.5091562 ,1.1010236 ,2.886033 ,3 ,Acc ,4
254f4035bff2bd85 ,82022064897 ,-0.30207285 ,2.9586647 ,2.871983 ,3 ,Acc ,4
254f4035bff2bd85 ,82119110795 ,-0.04062254 ,1.8939266 ,0.691194 ,3 ,Acc ,4
254f4035bff2bd85 ,82225800248 ,-3.1370983 ,-1.9013791 ,-3.6074646 ,3 ,Acc ,4
254f4035bff2bd85 ,82332611772 ,-2.5885413 ,-3.9257867 ,-11.401494 ,3 ,Acc ,4
254f4035bff2bd85 ,82439301225 ,-6.4595947 ,-0.14391984 ,-6.5353417 ,3 ,Acc ,4
254f4035bff2bd85 ,82545990678 ,-0.6783659 ,1.9440176 ,-3.6398404 ,3 ,Acc ,4
254f4035bff2bd85 ,82652802201 ,0.60567284 ,3.710029 ,-1.7498235 ,3 ,Acc ,4
254f4035bff2bd85 ,82759478601 ,0.9544769 ,4.4650583 ,-0.14446963 ,3 ,Acc ,4
254f4035bff2bd85 ,82866168054 ,0.39064834 ,3.6208427 ,0.24281892 ,3 ,Acc ,4
254f4035bff2bd85 ,82972979577 ,-0.5305365 ,3.808989 ,0.06261368 ,3 ,Acc ,4
254f4035bff2bd85 ,83079669030 ,-4.862182 ,2.598865 ,-1.1426234 ,3 ,Acc ,4
254f4035bff2bd85 ,83186358483 ,-5.4999256 ,-0.16652186 ,-5.24214 ,3 ,Acc ,4
254f4035bff2bd85 ,83293047937 ,-5.424178 ,-2.7559798 ,-11.424096 ,3 ,Acc ,4
254f4035bff2bd85 ,83399859460 ,19.786842 ,-7.243396 ,-6.554889 ,3 ,Acc ,4
254f4035bff2bd85 ,83506548913 ,2.2507331 ,-5.664309 ,2.038152 ,3 ,Acc ,4
254f4035bff2bd85 ,83613238366 ,3.4859025 ,-2.5922678 ,3.189633 ,3 ,Acc ,4
254f4035bff2bd85 ,83720049890 ,-5.2616878 ,-1.9374201 ,2.755308 ,3 ,Acc ,4
254f4035bff2bd85 ,83826739343 ,13.882218 ,1.1663861 ,2.3973408 ,3 ,Acc ,4
254f4035bff2bd85 ,83933428796 ,-5.274516 ,2.6465125 ,-0.73823065 ,3 ,Acc ,4
254f4035bff2bd85 ,84040240319 ,-2.666732 ,0.6941873 ,-1.6832392 ,3 ,Acc ,4
254f4035bff2bd85 ,84146929772 ,0.7486153 ,1.2354139 ,-2.1658225 ,3 ,Acc ,4
254f4035bff2bd85 ,84253619226 ,1.7290541 ,1.2842832 ,-0.40958515 ,3 ,Acc ,4
254f4035bff2bd85 ,84360430749 ,1.9929478 ,-0.01258382 ,-0.8445212 ,3 ,Acc ,4
254f4035bff2bd85 ,84467120202 ,1.5855007 ,-2.1298428 ,-0.95630956 ,3 ,Acc ,4
254f4035bff2bd85 ,84573809655 ,3.3166928 ,-1.2679118 ,1.0607675 ,3 ,Acc ,4
254f4035bff2bd85 ,84680499108 ,-4.079053 ,-0.49699998 ,-0.99296147 ,3 ,Acc ,4
254f4035bff2bd85 ,84787297960 ,-0.22937989 ,0.26963592 ,1.3283265 ,3 ,Acc ,4
254f4035bff2bd85 ,84893987413 ,-0.6294967 ,0.048502702 ,0.13103059 ,3 ,Acc ,4
254f4035bff2bd85 ,85000676866 ,-0.016798794 ,0.6050009 ,-0.54641896 ,3 ,Acc ,4
254f4035bff2bd85 ,85107488390 ,0.1572978 ,2.4434738E-4 ,0.08704829 ,3 ,Acc ,4
254f4035bff2bd85 ,85204412218 ,-5.629429 ,0.34843752 ,-1.9532416 ,3 ,Acc ,4
254f4035bff2bd85 ,85311223741 ,0.28252518 ,0.8462927 ,0.93859446 ,3 ,Acc ,4
254f4035bff2bd85 ,85417913194 ,-3.7589593 ,0.81086254 ,-1.8316795 ,3 ,Acc ,4
254f4035bff2bd85 ,85524602647 ,0.76938474 ,0.26169467 ,1.104139 ,3 ,Acc ,4
254f4035bff2bd85 ,85631414171 ,-0.77549344 ,0.7638259 ,-1.212262 ,3 ,Acc ,4
254f4035bff2bd85 ,85738103624 ,-11.180972 ,2.3477993 ,-0.26542094 ,3 ,Acc ,4
254f4035bff2bd85 ,85844793077 ,1.3686435 ,0.61905086 ,-1.1530081 ,3 ,Acc ,4
254f4035bff2bd85 ,85951604600 ,9.486432 ,0.19755383 ,-1.4480561 ,3 ,Acc ,4
254f4035bff2bd85 ,86058294054 ,-11.380725 ,-0.40598106 ,0.046120323 ,3 ,Acc ,4
254f4035bff2bd85 ,86164983507 ,13.878553 ,0.5353623 ,-0.9660834 ,3 ,Acc ,4
254f4035bff2bd85 ,86271672960 ,-13.60855 ,-0.818926 ,0.2782491 ,3 ,Acc ,4
254f4035bff2bd85 ,86378484483 ,13.19866 ,-0.628336 ,-0.08399397 ,3 ,Acc ,4
254f4035bff2bd85 ,86485173936 ,-4.6105056 ,-0.59901446 ,0.34483343 ,3 ,Acc ,4
254f4035bff2bd85 ,86591863390 ,-7.9464407 ,0.35698965 ,0.09865473 ,3 ,Acc ,4
254f4035bff2bd85 ,86698674913 ,12.419807 ,0.9751853 ,-0.7699956 ,3 ,Acc ,4
254f4035bff2bd85 ,86805352471 ,-12.428969 ,-0.41514403 ,0.07727445 ,3 ,Acc ,4
254f4035bff2bd85 ,86912041924 ,2.6288586 ,0.22382103 ,-0.21533 ,3 ,Acc ,4
254f4035bff2bd85 ,87018853448 ,12.6556015 ,0.53108627 ,-0.7846564 ,3 ,Acc ,4
254f4035bff2bd85 ,87125542901 ,-16.320791 ,-0.30213395 ,0.1817324 ,3 ,Acc ,4
254f4035bff2bd85 ,87232232354 ,9.639149 ,-0.16957618 ,-0.087659165 ,3 ,Acc ,4
254f4035bff2bd85 ,87339043877 ,12.199896 ,0.5011538 ,-0.7113526 ,3 ,Acc ,4
254f4035bff2bd85 ,87445733330 ,-15.707483 ,-0.2166128 ,0.15424347 ,3 ,Acc ,4
254f4035bff2bd85 ,87552422784 ,4.675868 ,0.27207938 ,-0.11209378 ,3 ,Acc ,4
254f4035bff2bd85 ,87659112237 ,14.872431 ,0.6367659 ,-0.6337727 ,3 ,Acc ,4
254f4035bff2bd85 ,87765923760 ,-16.191898 ,-0.25448647 ,0.37782016 ,3 ,Acc ,4
254f4035bff2bd85 ,87872613213 ,-5.03017 ,0.63493335 ,0.026572635 ,3 ,Acc ,4
254f4035bff2bd85 ,87979302666 ,16.519934 ,0.4877148 ,-0.44257188 ,3 ,Acc ,4
254f4035bff2bd85 ,88086114190 ,-12.9604225 ,-0.30030137 ,0.08093964 ,3 ,Acc ,4
254f4035bff2bd85 ,88192803643 ,-6.4870834 ,0.26902506 ,0.09315695 ,3 ,Acc ,4
254f4035bff2bd85 ,88406304620 ,3.3655622 ,-0.18790214 ,0.33872476 ,3 ,Acc ,4
254f4035bff2bd85 ,88512994073 ,0.917825 ,-1.321668 ,-1.561677 ,3 ,Acc ,4
254f4035bff2bd85 ,88610039971 ,0.26236662 ,3.5224934 ,0.6600399 ,3 ,Acc ,4
254f4035bff2bd85 ,88745769983 ,3.3692274 ,-2.6075394 ,-3.705814 ,3 ,Acc ,4
254f4035bff2bd85 ,88852581506 ,-2.852435 ,-1.1298563 ,3.81577 ,3 ,Acc ,4
254f4035bff2bd85 ,88959270959 ,4.199393 ,1.547566 ,-3.5133913 ,3 ,Acc ,4
254f4035bff2bd85 ,89065960412 ,-1.0302243 ,-3.1713681 ,-3.610519 ,3 ,Acc ,4
254f4035bff2bd85 ,89172771936 ,-2.255009 ,-2.1768794 ,3.5970802 ,3 ,Acc ,4
254f4035bff2bd85 ,89279461389 ,0.006414085 ,4.8944964 ,3.3136387 ,3 ,Acc ,4
254f4035bff2bd85 ,89386150842 ,4.644714 ,2.7106533 ,-4.20428 ,3 ,Acc ,4
254f4035bff2bd85 ,89473553186 ,3.2159002 ,-4.831089 ,-2.4901922 ,3 ,Acc ,4
254f4035bff2bd85 ,89560833459 ,0.2843578 ,-0.99057907 ,2.8927524 ,3 ,Acc ,4
254f4035bff2bd85 ,89706341272 ,0.8738427 ,-0.7902153 ,2.002111 ,3 ,Acc ,4
254f4035bff2bd85 ,89813030725 ,2.2837198 ,-0.682703 ,0.05100724 ,3 ,Acc ,4
254f4035bff2bd85 ,89851849084 ,1.0082331 ,0.37592646 ,0.30207285 ,3 ,Acc ,4
254f4035bff2bd85 ,90045940881 ,-1.0876456 ,0.5127603 ,0.68569624 ,3 ,Acc ,4
254f4035bff2bd85 ,90152630334 ,0.0888809 ,0.5988923 ,0.6881397 ,3 ,Acc ,4
254f4035bff2bd85 ,90220623498 ,-0.84879726 ,0.26047295 ,0.2751948 ,3 ,Acc ,4
254f4035bff2bd85 ,90501995569 ,-0.6062838 ,0.36004397 ,0.32711834 ,3 ,Acc ,4
254f4035bff2bd85 ,90608685022 ,-0.22266038 ,0.48160616 ,0.16829337 ,3 ,Acc ,4
254f4035bff2bd85 ,90715374475 ,2.44621 ,0.5213124 ,0.06322455 ,3 ,Acc ,4
254f4035bff2bd85 ,90822173340 ,-1.3271048 ,0.4296826 ,-0.3894266 ,3 ,Acc ,4
254f4035bff2bd85 ,90928862793 ,-2.115121 ,0.48404962 ,0.071776666 ,3 ,Acc ,4
254f4035bff2bd85 ,91035552246 ,1.5494597 ,0.86645126 ,0.33200526 ,3 ,Acc ,4
254f4035bff2bd85 ,91142363770 ,2.1236732 ,1.1144626 ,0.37659842 ,3 ,Acc ,4
254f4035bff2bd85 ,91249053223 ,0.5830709 ,0.8059756 ,0.46639562 ,3 ,Acc ,4
254f4035bff2bd85 ,91355742676 ,-0.2648101 ,0.31483993 ,0.052839838 ,3 ,Acc ,4
254f4035bff2bd85 ,91462432129 ,-0.102319926 ,0.57629025 ,0.047342055 ,3 ,Acc ,4
254f4035bff2bd85 ,91569243653 ,-0.23182335 ,0.6929655 ,-0.021074852 ,3 ,Acc ,4
254f4035bff2bd85 ,91675933106 ,0.30390546 ,0.49748865 ,-0.07544186 ,3 ,Acc ,4
254f4035bff2bd85 ,91782622559 ,-0.9538661 ,0.4034154 ,0.3210097 ,3 ,Acc ,4
254f4035bff2bd85 ,91889434082 ,-0.24098633 ,-0.029077185 ,1.112691 ,3 ,Acc ,4
254f4035bff2bd85 ,91996123536 ,0.079107046 ,-0.5574756 ,0.5207626 ,3 ,Acc ,4
254f4035bff2bd85 ,92102812989 ,0.058337633 ,-0.30396655 ,0.22266038 ,3 ,Acc ,4
254f4035bff2bd85 ,92209624512 ,0.029626966 ,-0.13720033 ,0.1377501 ,3 ,Acc ,4
254f4035bff2bd85 ,92316313965 ,-0.31429017 ,-0.15858062 ,-0.14935656 ,3 ,Acc ,4
254f4035bff2bd85 ,92423003418 ,0.16523905 ,-0.079779 ,0.01069014 ,3 ,Acc ,4
254f4035bff2bd85 ,92529692871 ,-0.043676864 ,0.06805039 ,0.03940081 ,3 ,Acc ,4
254f4035bff2bd85 ,92636504395 ,-0.08827003 ,-0.09688323 ,-0.05772677 ,3 ,Acc ,4
254f4035bff2bd85 ,92743183646 ,-0.050396383 ,-0.025411991 ,0.044898592 ,3 ,Acc ,4
254f4035bff2bd85 ,92849873099 ,0.0045814896 ,-0.08649852 ,0.052839838 ,3 ,Acc ,4
254f4035bff2bd85 ,92956684623 ,-0.008246681 ,-0.030298913 ,0.026572635 ,3 ,Acc ,4
254f4035bff2bd85 ,93063374076 ,-0.008246681 ,0.006963866 ,0.044287726 ,3 ,Acc ,4
254f4035bff2bd85 ,93170063529 ,0.06261369 ,-0.016249014 ,0.00946841 ,3 ,Acc ,4
254f4035bff2bd85 ,93276875052 ,3.0543283E-4 ,-3.665164E-4 ,-0.008857547 ,3 ,Acc ,4
254f4035bff2bd85 ,93383564505 ,0.008246681 ,-0.022968533 ,0.010079274 ,3 ,Acc ,4
254f4035bff2bd85 ,93490253959 ,-0.0106901415 ,-0.02419026 ,0.0033597574 ,3 ,Acc ,4
254f4035bff2bd85 ,93597065482 ,-0.013744468 ,-0.0058643054 ,0.010079274 ,3 ,Acc ,4
254f4035bff2bd85 ,93703754935 ,-0.0058032195 ,-0.010140361 ,0.01069014 ,3 ,Acc ,4
254f4035bff2bd85 ,93810444388 ,-0.011911871 ,0.02712242 ,0.002138026 ,3 ,Acc ,4
254f4035bff2bd85 ,93917133841 ,0.015577063 ,0.009407327 ,0.038179077 ,3 ,Acc ,4
254f4035bff2bd85 ,94023945365 ,0.019242255 ,0.00268781 ,0.02351831 ,3 ,Acc ,4
254f4035bff2bd85 ,94130634818 ,0.022907447 ,0.0051312707 ,0.012522737 ,3 ,Acc ,4
254f4035bff2bd85 ,94237324271 ,-0.0033597588 ,-0.0040317085 ,0.007635815 ,3 ,Acc ,4
254f4035bff2bd85 ,94344135794 ,0.0290161 ,-0.024801126 ,0.030848695 ,3 ,Acc ,4
254f4035bff2bd85 ,94450825248 ,0.020463986 ,0.00268781 ,0.017409658 ,3 ,Acc ,4
254f4035bff2bd85 ,94557514701 ,0.010079277 ,-0.0034208428 ,-0.019853123 ,3 ,Acc ,4
254f4035bff2bd85 ,94664326224 ,-0.074830994 ,0.016126845 ,-0.054061577 ,3 ,Acc ,4
254f4035bff2bd85 ,94771004219 ,-0.10781772 ,0.022846363 ,-0.082161374 ,3 ,Acc ,4
254f4035bff2bd85 ,94877693672 ,-0.094989546 ,0.038117994 ,-0.19517145 ,3 ,Acc ,4
254f4035bff2bd85 ,94984505196 ,0.016187929 ,0.25008824 ,-0.10170907 ,3 ,Acc ,4
254f4035bff2bd85 ,95091194649 ,-0.087659165 ,0.045448378 ,0.5458081 ,3 ,Acc ,4
254f4035bff2bd85 ,95197884102 ,0.91415983 ,-0.59962535 ,1.0436633 ,3 ,Acc ,4
254f4035bff2bd85 ,95294930001 ,2.857933 ,-0.32534683 ,-0.6417139 ,3 ,Acc ,4
254f4035bff2bd85 ,95401619454 ,0.43218717 ,0.80841905 ,-5.100419 ,3 ,Acc ,4
254f4035bff2bd85 ,95508430977 ,-2.7889051 ,-0.013805551 ,-7.476074 ,3 ,Acc ,4
254f4035bff2bd85 ,95615120430 ,-1.6991217 ,-0.6998072 ,-7.485237 ,3 ,Acc ,4
254f4035bff2bd85 ,95721809883 ,-2.5476134 ,1.9544023 ,-3.9153407 ,3 ,Acc ,4
254f4035bff2bd85 ,95828621407 ,2.17804 ,2.7075992 ,2.069917 ,3 ,Acc ,4
254f4035bff2bd85 ,95935310860 ,3.5323284 ,2.2940433 ,5.4901514 ,3 ,Acc ,4
254f4035bff2bd85 ,96042000313 ,-2.7394252 ,-1.02662 ,15.783842 ,3 ,Acc ,4
254f4035bff2bd85 ,96148689766 ,2.595261 ,-2.795686 ,15.890743 ,3 ,Acc ,4
254f4035bff2bd85 ,96255501290 ,-3.9880338 ,0.98251563 ,2.4627035 ,3 ,Acc ,4
254f4035bff2bd85 ,96362190743 ,-3.4767394 ,-0.12315043 ,-4.7100763 ,3 ,Acc ,4
254f4035bff2bd85 ,96468880196 ,-4.1120396 ,1.4602123 ,-8.396037 ,3 ,Acc ,4
254f4035bff2bd85 ,96575691719 ,-4.4779477 ,2.675834 ,-7.708203 ,3 ,Acc ,4
254f4035bff2bd85 ,96682381172 ,-2.8334982 ,0.24825564 ,-5.7436604 ,3 ,Acc ,4
254f4035bff2bd85 ,96789061180 ,-3.7980545 ,0.82246894 ,-5.3233852 ,3 ,Acc ,4
254f4035bff2bd85 ,96895872703 ,0.39370266 ,2.7075992 ,0.3631594 ,3 ,Acc ,4
254f4035bff2bd85 ,97002562156 ,3.2562172 ,3.4265873 ,4.5066586 ,3 ,Acc ,4
254f4035bff2bd85 ,97109251609 ,-3.0033188 ,-0.52509975 ,17.481436 ,3 ,Acc ,4
254f4035bff2bd85 ,97215941062 ,3.5359936 ,-1.1958297 ,15.8687525 ,3 ,Acc ,4
254f4035bff2bd85 ,97322752586 ,-5.116302 ,0.70701545 ,-0.17073683 ,3 ,Acc ,4
254f4035bff2bd85 ,97429442039 ,-1.7021761 ,-0.23310618 ,-6.823059 ,3 ,Acc ,4
254f4035bff2bd85 ,97536131492 ,-3.31486 ,1.8627726 ,-8.998961 ,3 ,Acc ,4
254f4035bff2bd85 ,97642943015 ,-3.991088 ,1.0136698 ,-8.14375 ,3 ,Acc ,4
254f4035bff2bd85 ,97749632469 ,-6.671565 ,0.94891804 ,-6.240905 ,3 ,Acc ,4
254f4035bff2bd85 ,97856321922 ,-2.2745566 ,2.6507885 ,-2.2495112 ,3 ,Acc ,4
254f4035bff2bd85 ,97963133445 ,1.121854 ,2.5524392 ,4.10532 ,3 ,Acc ,4
254f4035bff2bd85 ,98069822898 ,-4.1095963 ,0.3594331 ,12.74662 ,3 ,Acc ,4
254f4035bff2bd85 ,98176512351 ,5.1908274 ,-3.7834551 ,17.850397 ,3 ,Acc ,4
254f4035bff2bd85 ,98283323875 ,-3.2189543 ,0.66242224 ,3.0289755 ,3 ,Acc ,4
254f4035bff2bd85 ,98496702781 ,-3.2690454 ,0.90188146 ,-8.689253 ,3 ,Acc ,4
254f4035bff2bd85 ,98603392234 ,-6.327037 ,1.0509326 ,-8.287914 ,3 ,Acc ,4
254f4035bff2bd85 ,98710203758 ,-4.407698 ,0.38508946 ,-6.488305 ,3 ,Acc ,4
254f4035bff2bd85 ,98816883749 ,-1.1163563 ,2.675223 ,-2.671008 ,3 ,Acc ,4
254f4035bff2bd85 ,98923573202 ,1.6722436 ,2.6061954 ,3.3563993 ,3 ,Acc ,4
254f4035bff2bd85 ,99030384725 ,-6.017939 ,0.052167892 ,11.367286 ,3 ,Acc ,4
254f4035bff2bd85 ,99137074178 ,5.9483004 ,-5.1469064 ,17.177225 ,3 ,Acc ,4
254f4035bff2bd85 ,99243763632 ,-1.9978348 ,0.18350393 ,4.24643 ,3 ,Acc ,4
254f4035bff2bd85 ,99350575155 ,-4.0436225 ,0.06743953 ,-4.295299 ,3 ,Acc ,4
254f4035bff2bd85 ,99457264608 ,-2.3808472 ,-0.27953196 ,-9.044776 ,3 ,Acc ,4
254f4035bff2bd85 ,99563954061 ,-3.365562 ,1.5463443 ,-7.970264 ,3 ,Acc ,4
254f4035bff2bd85 ,99670765585 ,-6.8988066 ,0.99167866 ,-7.2647147 ,3 ,Acc ,4
254f4035bff2bd85 ,99777455038 ,-1.4126259 ,3.1449785 ,-2.8005116 ,3 ,Acc ,4
254f4035bff2bd85 ,99884144491 ,0.9233228 ,1.6605761 ,2.777299 ,3 ,Acc ,4
254f4035bff2bd85 ,99990833944 ,-1.3271048 ,0.5384166 ,7.862141 ,3 ,Acc ,4
254f4035bff2bd85 ,100097645468 ,0.16218473 ,-5.284351 ,17.553518 ,3 ,Acc ,4
254f4035bff2bd85 ,100204334921 ,-2.1242838 ,-1.7627127 ,6.568329 ,3 ,Acc ,4
254f4035bff2bd85 ,100311024374 ,-3.310584 ,0.09798279 ,-2.9006934 ,3 ,Acc ,4
254f4035bff2bd85 ,100417835897 ,-3.1713068 ,0.7198436 ,-8.324566 ,3 ,Acc ,4
254f4035bff2bd85 ,100524525350 ,-3.9697077 ,2.5414436 ,-7.509061 ,3 ,Acc ,4
254f4035bff2bd85 ,100631214803 ,-5.32644 ,0.523145 ,-7.8193803 ,3 ,Acc ,4
254f4035bff2bd85 ,100738026327 ,-3.986201 ,3.4522438 ,-3.5799756 ,3 ,Acc ,4
254f4035bff2bd85 ,100844705259 ,-0.027794369 ,2.290989 ,2.2861633 ,3 ,Acc ,4
254f4035bff2bd85 ,100951394712 ,-0.8872818 ,0.79498005 ,6.4663143 ,3 ,Acc ,4
254f4035bff2bd85 ,101058206236 ,-0.3173445 ,-7.3686233 ,17.442951 ,3 ,Acc ,4
254f4035bff2bd85 ,101164895689 ,-1.6722436 ,-2.4597101 ,8.661153 ,3 ,Acc ,4
254f4035bff2bd85 ,101271585142 ,-3.4266486 ,-0.054733522 ,-0.8353582 ,3 ,Acc ,4
254f4035bff2bd85 ,101378274595 ,-4.064392 ,1.4675428 ,-6.5836 ,3 ,Acc ,4
254f4035bff2bd85 ,101485086118 ,-2.966056 ,3.2757037 ,-7.532274 ,3 ,Acc ,4
254f4035bff2bd85 ,101591775572 ,-4.204891 ,1.9592892 ,-7.2909822 ,3 ,Acc ,4
254f4035bff2bd85 ,101698465025 ,-3.6349535 ,3.2799797 ,-5.0491066 ,3 ,Acc ,4
254f4035bff2bd85 ,101805276548 ,-1.3057245 ,2.6275756 ,-0.032070428 ,3 ,Acc ,4
254f4035bff2bd85 ,101911966001 ,0.22999077 ,1.0686477 ,3.316082 ,3 ,Acc ,4
254f4035bff2bd85 ,102018655454 ,-3.868304 ,-3.068132 ,12.108876 ,3 ,Acc ,4
254f4035bff2bd85 ,102125466978 ,4.791932 ,-4.1072135 ,15.668388 ,3 ,Acc ,4
254f4035bff2bd85 ,102232156431 ,-1.4908167 ,-0.33267722 ,1.8646661 ,3 ,Acc ,4
254f4035bff2bd85 ,102338845884 ,-2.911689 ,-0.5336519 ,-2.9886582 ,3 ,Acc ,4
254f4035bff2bd85 ,102445657407 ,-2.5696046 ,1.4223387 ,-7.079012 ,3 ,Acc ,4
254f4035bff2bd85 ,102552346861 ,-3.2226195 ,3.3526728 ,-8.136419 ,3 ,Acc ,4
254f4035bff2bd85 ,102659036314 ,-4.5872927 ,1.7467082 ,-5.4706035 ,3 ,Acc ,4
254f4035bff2bd85 ,102765838763 ,-6.1883707 ,1.6868434 ,-5.328272 ,3 ,Acc ,4
254f4035bff2bd85 ,102872528216 ,1.5360206 ,2.626354 ,-0.5403103 ,3 ,Acc ,4
254f4035bff2bd85 ,102979217669 ,0.5647449 ,1.3453697 ,5.1364603 ,3 ,Acc ,4
254f4035bff2bd85 ,103085907123 ,1.402852 ,-9.059498 ,16.403257 ,3 ,Acc ,4
254f4035bff2bd85 ,103192718646 ,-0.1908954 ,-1.525697 ,10.802847 ,3 ,Acc ,4
254f4035bff2bd85 ,103299408099 ,-1.8695531 ,-0.67292917 ,0.42424592 ,3 ,Acc ,4
254f4035bff2bd85 ,103406097552 ,-3.2061262 ,-1.0211223 ,-4.177402 ,3 ,Acc ,4
254f4035bff2bd85 ,103512909076 ,-1.724778 ,-0.41636577 ,-7.6281796 ,3 ,Acc ,4
254f4035bff2bd85 ,103619598529 ,-5.2555795 ,1.189599 ,-6.918354 ,3 ,Acc ,4
254f4035bff2bd85 ,103726287982 ,-7.959269 ,1.4809817 ,-5.2177052 ,3 ,Acc ,4
254f4035bff2bd85 ,103833099505 ,-2.454762 ,2.6013086 ,-4.0466766 ,3 ,Acc ,4
254f4035bff2bd85 ,103939788958 ,-0.49999318 ,1.6398067 ,0.70096785 ,3 ,Acc ,4
254f4035bff2bd85 ,104046478412 ,1.3081679 ,0.8756142 ,6.4962463 ,3 ,Acc ,4
254f4035bff2bd85 ,104153289935 ,-0.4297437 ,-7.556159 ,17.761211 ,3 ,Acc ,4
254f4035bff2bd85 ,104259979388 ,-3.473685 ,-1.6448157 ,8.542034 ,3 ,Acc ,4
254f4035bff2bd85 ,104366668841 ,-0.63560534 ,-0.68331385 ,0.53908855 ,3 ,Acc ,4
254f4035bff2bd85 ,104473358294 ,-0.9294315 ,-1.6350418 ,-3.5989125 ,3 ,Acc ,4
254f4035bff2bd85 ,104580169818 ,-2.3625212 ,-1.1170281 ,-6.910413 ,3 ,Acc ,4
254f4035bff2bd85 ,104686859271 ,-2.952006 ,1.2726767 ,-6.3325343 ,3 ,Acc ,4
254f4035bff2bd85 ,104793540471 ,-5.136461 ,1.2470204 ,-4.754059 ,3 ,Acc ,4
254f4035bff2bd85 ,104900351995 ,-6.6184196 ,0.13219124 ,-4.481002 ,3 ,Acc ,4
254f4035bff2bd85 ,105007041448 ,-3.7614026 ,1.5188555 ,-3.77362 ,3 ,Acc ,4
254f4035bff2bd85 ,105113730901 ,0.7492262 ,1.6508023 ,1.2067643 ,3 ,Acc ,4
254f4035bff2bd85 ,105220542424 ,3.4516943 ,0.8212472 ,5.827349 ,3 ,Acc ,4
254f4035bff2bd85 ,105327231877 ,0.009468411 ,-8.616621 ,17.814358 ,3 ,Acc ,4
254f4035bff2bd85 ,105433921330 ,0.08582657 ,-2.9887195 ,10.250625 ,3 ,Acc ,4
254f4035bff2bd85 ,105540732854 ,-2.2177463 ,-0.9447642 ,1.7919732 ,3 ,Acc ,4
254f4035bff2bd85 ,105647422307 ,-1.8854356 ,-1.226373 ,-1.9178114 ,3 ,Acc ,4
254f4035bff2bd85 ,105754111760 ,-3.16642 ,-1.1848341 ,-5.8200183 ,3 ,Acc ,4
254f4035bff2bd85 ,105860801213 ,-2.4199426 ,0.21160373 ,-7.5512104 ,3 ,Acc ,4
254f4035bff2bd85 ,105967612737 ,-3.8854084 ,2.1938615 ,-5.5830026 ,3 ,Acc ,4
254f4035bff2bd85 ,106074302190 ,-4.7253485 ,1.4760948 ,-4.149913 ,3 ,Acc ,4
254f4035bff2bd85 ,106180991643 ,-4.2122216 ,0.29590312 ,-3.8285978 ,3 ,Acc ,4
254f4035bff2bd85 ,106287803166 ,-4.9428163 ,1.180436 ,-3.1865785 ,3 ,Acc ,4
254f4035bff2bd85 ,106394492620 ,1.7174476 ,1.2012055 ,2.0644193 ,3 ,Acc ,4
254f4035bff2bd85 ,106501182073 ,2.0228803 ,0.7833736 ,5.563455 ,3 ,Acc ,4
254f4035bff2bd85 ,106607993596 ,2.8365529 ,-5.683246 ,18.578548 ,3 ,Acc ,4
254f4035bff2bd85 ,106714683049 ,-1.6441438 ,-1.276464 ,11.769846 ,3 ,Acc ,4
254f4035bff2bd85 ,106821364336 ,-3.4565809 ,0.2910162 ,1.9929479 ,3 ,Acc ,4
254f4035bff2bd85 ,106928175860 ,-2.6392431 ,-0.24288 ,-1.4731015 ,3 ,Acc ,4
254f4035bff2bd85 ,107034865313 ,-2.422997 ,-0.6979746 ,-5.753434 ,3 ,Acc ,4
254f4035bff2bd85 ,107141554766 ,-4.5616364 ,1.6379741 ,-6.6275826 ,3 ,Acc ,4
254f4035bff2bd85 ,107248366289 ,-2.3258693 ,2.3013737 ,-5.7112846 ,3 ,Acc ,4
254f4035bff2bd85 ,107355055743 ,-4.0179663 ,1.7320473 ,-5.414404 ,3 ,Acc ,4
254f4035bff2bd85 ,107461745196 ,-3.0326405 ,1.5329053 ,-5.465106 ,3 ,Acc ,4
254f4035bff2bd85 ,107568434649 ,-0.43401974 ,2.4369857 ,0.419359 ,3 ,Acc ,4
254f4035bff2bd85 ,107675246172 ,1.6276504 ,2.4968505 ,4.594623 ,3 ,Acc ,4
254f4035bff2bd85 ,107781935625 ,-3.6361754 ,0.7094589 ,12.317792 ,3 ,Acc ,4
254f4035bff2bd85 ,107888625079 ,1.5806139 ,-3.3094237 ,16.413643 ,3 ,Acc ,4
254f4035bff2bd85 ,107995436602 ,-1.3448199 ,0.2561969 ,4.953201 ,3 ,Acc ,4
254f4035bff2bd85 ,108102126055 ,-3.424816 ,0.11753047 ,-1.3466524 ,3 ,Acc ,4
254f4035bff2bd85 ,108208815508 ,-2.2849414 ,-0.5360953 ,-6.436992 ,3 ,Acc ,4
254f4035bff2bd85 ,108315627032 ,-3.3759468 ,1.1590557 ,-7.344127 ,3 ,Acc ,4
254f4035bff2bd85 ,108422316485 ,-3.407101 ,1.9507371 ,-5.9574633 ,3 ,Acc ,4
254f4035bff2bd85 ,108529005938 ,-4.8065934 ,1.1914316 ,-5.07965 ,3 ,Acc ,4
254f4035bff2bd85 ,108635817461 ,-4.513378 ,1.815125 ,-3.7980545 ,3 ,Acc ,4
254f4035bff2bd85 ,108742506914 ,-1.2104295 ,1.8468901 ,1.212262 ,3 ,Acc ,4
254f4035bff2bd85 ,108849188188 ,2.886033 ,1.1969295 ,4.427246 ,3 ,Acc ,4
254f4035bff2bd85 ,108955999711 ,-1.4883732 ,-0.21905626 ,11.763738 ,3 ,Acc ,4
254f4035bff2bd85 ,109062689164 ,3.946495 ,-3.1139467 ,16.342783 ,3 ,Acc ,4
254f4035bff2bd85 ,109169378617 ,-1.2159272 ,-0.21294762 ,4.462065 ,3 ,Acc ,4
254f4035bff2bd85 ,109276068070 ,-3.1865785 ,-0.25448647 ,-1.1713341 ,3 ,Acc ,4
254f4035bff2bd85 ,109382879594 ,-4.069279 ,-0.26364943 ,-5.163949 ,3 ,Acc ,4
254f4035bff2bd85 ,109489569047 ,-3.6654968 ,2.4253793 ,-6.2476244 ,3 ,Acc ,4
254f4035bff2bd85 ,109596258500 ,-4.784602 ,3.4363613 ,-5.4480014 ,3 ,Acc ,4
254f4035bff2bd85 ,109703070024 ,-3.165198 ,1.5860506 ,-4.6948047 ,3 ,Acc ,4
254f4035bff2bd85 ,109809759477 ,-5.2354207 ,1.9947194 ,-3.9532144 ,3 ,Acc ,4
254f4035bff2bd85 ,109916448930 ,-0.7644979 ,2.5072353 ,0.9605856 ,3 ,Acc ,4
254f4035bff2bd85 ,110023260453 ,1.2085968 ,0.93731165 ,3.702149 ,3 ,Acc ,4
254f4035bff2bd85 ,110129949906 ,-5.3184986 ,-0.80670863 ,7.3972726 ,3 ,Acc ,4
254f4035bff2bd85 ,110236639359 ,0.59467727 ,-8.207341 ,16.53826 ,3 ,Acc ,4
254f4035bff2bd85 ,110343450883 ,-2.3698516 ,-0.65338147 ,5.9342504 ,3 ,Acc ,4
254f4035bff2bd85 ,110450140336 ,-3.6477816 ,0.11936307 ,-1.1988231 ,3 ,Acc ,4
254f4035bff2bd85 ,110556829789 ,-3.4437528 ,0.22748622 ,-5.4412823 ,3 ,Acc ,4
254f4035bff2bd85 ,110663641313 ,-3.659388 ,2.6678927 ,-6.0869665 ,3 ,Acc ,4
254f4035bff2bd85 ,110770330766 ,-3.397327 ,4.0777698 ,-5.356372 ,3 ,Acc ,4
254f4035bff2bd85 ,110877012352 ,-3.842037 ,2.8499308 ,-3.9281688 ,3 ,Acc ,4
254f4035bff2bd85 ,110983701805 ,-4.4700065 ,1.4956425 ,-3.7155879 ,3 ,Acc ,4
254f4035bff2bd85 ,111090513328 ,-1.8915442 ,1.9983846 ,-2.7461445 ,3 ,Acc ,4
254f4035bff2bd85 ,111197202782 ,2.7015517 ,1.5744442 ,1.6630806 ,3 ,Acc ,4
254f4035bff2bd85 ,111303892235 ,-2.2061398 ,1.5811636 ,5.474269 ,3 ,Acc ,4
254f4035bff2bd85 ,111410703758 ,5.73633 ,-11.533503 ,16.681202 ,3 ,Acc ,4
254f4035bff2bd85 ,111517393211 ,-1.4871515 ,-1.0693806 ,8.104044 ,3 ,Acc ,4
254f4035bff2bd85 ,111624082664 ,-4.5378127 ,-0.2361605 ,-0.95630956 ,3 ,Acc ,4
254f4035bff2bd85 ,111730894188 ,-2.3716843 ,-0.19828685 ,-6.3685756 ,3 ,Acc ,4
254f4035bff2bd85 ,111837583641 ,-3.3173037 ,2.9134607 ,-6.8157287 ,3 ,Acc ,4
254f4035bff2bd85 ,111944273094 ,-5.0802608 ,3.1266527 ,-6.63308 ,3 ,Acc ,4
254f4035bff2bd85 ,112051084617 ,-4.114483 ,1.9122527 ,-5.822462 ,3 ,Acc ,4
254f4035bff2bd85 ,112157774071 ,-4.228104 ,2.9372845 ,-3.2727103 ,3 ,Acc ,4
254f4035bff2bd85 ,112264463524 ,1.7724255 ,1.8371162 ,3.090062 ,3 ,Acc ,4
254f4035bff2bd85 ,112371152977 ,-2.766303 ,-3.983819 ,14.248737 ,3 ,Acc ,4
254f4035bff2bd85 ,112477964500 ,7.989812 ,-6.7516494 ,19.478354 ,3 ,Acc ,4
254f4035bff2bd85 ,112584653953 ,-5.115691 ,1.1456168 ,-1.0235047 ,3 ,Acc ,4
254f4035bff2bd85 ,112691343407 ,-2.586098 ,2.40461 ,-9.358761 ,3 ,Acc ,4
254f4035bff2bd85 ,112798148104 ,-5.38325 ,3.069842 ,-10.933572 ,3 ,Acc ,4
254f4035bff2bd85 ,112904837557 ,-9.2384205 ,2.6190236 ,-8.259814 ,3 ,Acc ,4
254f4035bff2bd85 ,113011527010 ,-0.063224554 ,3.7491243 ,0.81397796 ,3 ,Acc ,4
254f4035bff2bd85 ,113118338534 ,1.271516 ,1.570779 ,6.793127 ,3 ,Acc ,4
254f4035bff2bd85 ,113225027987 ,0.8402451 ,-9.146241 ,18.483866 ,3 ,Acc ,4
254f4035bff2bd85 ,113331717440 ,-0.30634892 ,-2.7743056 ,11.515116 ,3 ,Acc ,4
254f4035bff2bd85 ,113438528963 ,-3.443142 ,0.6300464 ,-1.1859949 ,3 ,Acc ,4
254f4035bff2bd85 ,113545218416 ,-2.9086347 ,2.02343 ,-6.474866 ,3 ,Acc ,4
254f4035bff2bd85 ,113651907870 ,-3.6972618 ,4.131526 ,-6.9366803 ,3 ,Acc ,4
254f4035bff2bd85 ,113758719393 ,-3.5451565 ,1.6734043 ,-7.63551 ,3 ,Acc ,4
254f4035bff2bd85 ,113865408846 ,-3.2501085 ,2.0173213 ,-6.266561 ,3 ,Acc ,4
254f4035bff2bd85 ,113972098299 ,-2.3649647 ,2.7075992 ,-1.598329 ,3 ,Acc ,4
254f4035bff2bd85 ,114078909823 ,0.87689704 ,1.2708441 ,2.4443774 ,3 ,Acc ,4
254f4035bff2bd85 ,114185599276 ,1.9410243 ,0.8126951 ,6.404006 ,3 ,Acc ,4
254f4035bff2bd85 ,114292288729 ,0.048563786 ,-5.724174 ,16.92677 ,3 ,Acc ,4
254f4035bff2bd85 ,114398978182 ,-0.8713993 ,-2.1616077 ,11.20052 ,3 ,Acc ,4
254f4035bff2bd85 ,114505789706 ,-2.8878653 ,-0.5867972 ,1.6618589 ,3 ,Acc ,4
254f4035bff2bd85 ,114612479159 ,-2.9898798 ,-0.61856216 ,-1.7327193 ,3 ,Acc ,4
254f4035bff2bd85 ,114719168612 ,-3.8499782 ,1.0069503 ,-5.569564 ,3 ,Acc ,4
254f4035bff2bd85 ,114825972434 ,-3.3124168 ,3.519439 ,-5.055826 ,3 ,Acc ,4
254f4035bff2bd85 ,114932661887 ,-2.753475 ,2.689884 ,-4.8230863 ,3 ,Acc ,4
254f4035bff2bd85 ,115039351340 ,-3.0540206 ,2.173092 ,-4.728402 ,3 ,Acc ,4
254f4035bff2bd85 ,115146162864 ,-3.1175506 ,1.6282003 ,-4.5164323 ,3 ,Acc ,4
254f4035bff2bd85 ,115252852317 ,-1.8451185 ,1.8664377 ,-0.4547892 ,3 ,Acc ,4
254f4035bff2bd85 ,115359541770 ,1.0302242 ,1.108354 ,3.7876701 ,3 ,Acc ,4
254f4035bff2bd85 ,115679732200 ,-2.1810942 ,-0.777998 ,4.59951 ,3 ,Acc ,4
254f4035bff2bd85 ,115786543723 ,-3.129157 ,-0.30702087 ,-0.50549096 ,3 ,Acc ,4
254f4035bff2bd85 ,115893233176 ,-2.4730878 ,0.0032986738 ,-4.54331 ,3 ,Acc ,4
254f4035bff2bd85 ,115999922630 ,-2.6270258 ,1.7039475 ,-6.1785965 ,3 ,Acc ,4
254f4035bff2bd85 ,116106612083 ,-1.6209309 ,2.871311 ,-5.923866 ,3 ,Acc ,4
254f4035bff2bd85 ,116213423606 ,-3.955047 ,2.3740666 ,-4.633718 ,3 ,Acc ,4
254f4035bff2bd85 ,116320113059 ,-4.5555277 ,1.620259 ,-4.273308 ,3 ,Acc ,4
254f4035bff2bd85 ,116426802512 ,-3.0576859 ,2.2580023 ,-1.5134187 ,3 ,Acc ,4
254f4035bff2bd85 ,116533614036 ,1.6728544 ,0.6960198 ,2.3521369 ,3 ,Acc ,4
254f4035bff2bd85 ,116640303489 ,0.3979787 ,0.68502426 ,5.4956493 ,3 ,Acc ,4
254f4035bff2bd85 ,116746992942 ,-0.028405234 ,-5.691798 ,15.35196 ,3 ,Acc ,4
254f4035bff2bd85 ,116853798862 ,-0.37659842 ,-1.8891618 ,10.435717 ,3 ,Acc ,4
254f4035bff2bd85 ,116960488316 ,-2.4370468 ,-0.49699998 ,1.258077 ,3 ,Acc ,4
254f4035bff2bd85 ,117067177769 ,-3.4633005 ,-0.26426032 ,-2.6752841 ,3 ,Acc ,4
254f4035bff2bd85 ,117173989292 ,-2.6948318 ,1.2299161 ,-5.4473906 ,3 ,Acc ,4
254f4035bff2bd85 ,117280678745 ,-3.401603 ,3.7839437 ,-5.5243597 ,3 ,Acc ,4
254f4035bff2bd85 ,117387368198 ,-2.9275715 ,4.706961 ,-3.433368 ,3 ,Acc ,4
254f4035bff2bd85 ,117494179722 ,-3.6929858 ,3.4455242 ,-3.6844337 ,3 ,Acc ,4
254f4035bff2bd85 ,117600869175 ,-2.3154845 ,2.0759645 ,-3.1419852 ,3 ,Acc ,4
254f4035bff2bd85 ,117707558628 ,-1.1615603 ,1.7632015 ,-0.53786683 ,3 ,Acc ,4
254f4035bff2bd85 ,117814248081 ,0.68447447 ,0.4651128 ,1.0076222 ,3 ,Acc ,4
254f4035bff2bd85 ,117921059605 ,-3.0033188 ,-0.16102406 ,2.945287 ,3 ,Acc ,4
254f4035bff2bd85 ,118027749058 ,2.1639903 ,-7.191472 ,15.49307 ,3 ,Acc ,4
254f4035bff2bd85 ,118134438511 ,-0.24709499 ,-1.4688865 ,7.3911643 ,3 ,Acc ,4
254f4035bff2bd85 ,118241250034 ,-2.173764 ,-0.3766595 ,1.3875804 ,3 ,Acc ,4
254f4035bff2bd85 ,118347939487 ,-1.9856175 ,-0.6411642 ,-1.3558154 ,3 ,Acc ,4
254f4035bff2bd85 ,118454628941 ,-3.0870075 ,-1.135965 ,-4.226271 ,3 ,Acc ,4
254f4035bff2bd85 ,118561440464 ,-1.2916746 ,-0.1640784 ,-5.816964 ,3 ,Acc ,4
254f4035bff2bd85 ,118668129917 ,-2.6893342 ,2.0625253 ,-5.125465 ,3 ,Acc ,4
254f4035bff2bd85 ,118774819370 ,-3.2305608 ,2.2885454 ,-3.695429 ,3 ,Acc ,4
254f4035bff2bd85 ,118881624196 ,-4.943427 ,0.9605245 ,-4.5824056 ,3 ,Acc ,4
254f4035bff2bd85 ,118988313649 ,-6.2201357 ,1.7485408 ,-4.6605964 ,3 ,Acc ,4
254f4035bff2bd85 ,119095003102 ,-0.46089783 ,1.9342438 ,-0.32834008 ,3 ,Acc ,4
254f4035bff2bd85 ,119201814625 ,0.36071593 ,1.3600304 ,5.011844 ,3 ,Acc ,4
254f4035bff2bd85 ,119308504079 ,-3.1890218 ,-4.174409 ,12.848635 ,3 ,Acc ,4
254f4035bff2bd85 ,119415193532 ,3.9519928 ,-1.6002226 ,13.799751 ,3 ,Acc ,4
254f4035bff2bd85 ,119522005055 ,-1.1340714 ,-0.25509733 ,5.138904 ,3 ,Acc ,4
254f4035bff2bd85 ,119628694508 ,-3.4914002 ,-0.71874404 ,0.9056077 ,3 ,Acc ,4
254f4035bff2bd85 ,119735383961 ,-3.0381382 ,-1.6191593 ,-2.0955732 ,3 ,Acc ,4
254f4035bff2bd85 ,119842073414 ,-2.7583618 ,-1.4242934 ,-4.6050076 ,3 ,Acc ,4
254f4035bff2bd85 ,119948884938 ,-3.1187725 ,0.4718323 ,-4.843245 ,3 ,Acc ,4
254f4035bff2bd85 ,120055574391 ,-2.9513953 ,2.911628 ,-3.2568278 ,3 ,Acc ,4
254f4035bff2bd85 ,120162263844 ,-3.7113118 ,2.4791355 ,-2.7296512 ,3 ,Acc ,4
254f4035bff2bd85 ,120269075368 ,-4.897612 ,0.77482146 ,-4.1731257 ,3 ,Acc ,4
254f4035bff2bd85 ,120375764821 ,-3.8017197 ,0.641042 ,-5.119967 ,3 ,Acc ,4
254f4035bff2bd85 ,120482454274 ,-3.2281172 ,1.9770043 ,-1.2195925 ,3 ,Acc ,4
254f4035bff2bd85 ,120589265797 ,1.320996 ,1.8022969 ,3.751018 ,3 ,Acc ,4
254f4035bff2bd85 ,120695955250 ,2.3069327 ,2.395447 ,7.404603 ,3 ,Acc ,4
254f4035bff2bd85 ,120802644704 ,-1.7901406 ,-4.4236417 ,16.84858 ,3 ,Acc ,4
254f4035bff2bd85 ,120909450426 ,2.5854871 ,-1.9844569 ,12.811372 ,3 ,Acc ,4
254f4035bff2bd85 ,121016139879 ,-3.1132746 ,0.3453832 ,4.4064765 ,3 ,Acc ,4
254f4035bff2bd85 ,121122829332 ,-3.238502 ,-0.61550784 ,0.2257147 ,3 ,Acc ,4
254f4035bff2bd85 ,121229640856 ,-3.2806518 ,-0.43346998 ,-2.6911666 ,3 ,Acc ,4
254f4035bff2bd85 ,121336330309 ,-3.2134566 ,0.7283957 ,-4.40892 ,3 ,Acc ,4
254f4035bff2bd85 ,121443019762 ,-3.6587772 ,2.6874404 ,-4.175569 ,3 ,Acc ,4
254f4035bff2bd85 ,121549831285 ,-2.9177978 ,4.2964597 ,-2.9098566 ,3 ,Acc ,4
254f4035bff2bd85 ,121656520738 ,-4.844467 ,3.4913392 ,-3.4675765 ,3 ,Acc ,4
254f4035bff2bd85 ,121763210192 ,-5.6911263 ,0.9250943 ,-3.9874227 ,3 ,Acc ,4
254f4035bff2bd85 ,121869899645 ,-3.9422188 ,1.2427443 ,-3.605632 ,3 ,Acc ,4
254f4035bff2bd85 ,121976711168 ,-2.0668626 ,1.1737165 ,-2.966667 ,3 ,Acc ,4
254f4035bff2bd85 ,122083400621 ,-0.6166685 ,1.4883121 ,0.021685714 ,3 ,Acc ,4
254f4035bff2bd85 ,122190090074 ,3.5604281 ,2.7479162 ,5.5909443 ,3 ,Acc ,4
254f4035bff2bd85 ,122296901598 ,2.118786 ,3.074729 ,7.6159625 ,3 ,Acc ,4
254f4035bff2bd85 ,122403591051 ,2.1303926 ,-4.862854 ,19.993923 ,3 ,Acc ,4
254f4035bff2bd85 ,122510280504 ,1.0888673 ,1.6324763 ,12.714244 ,3 ,Acc ,4
254f4035bff2bd85 ,122617092028 ,-4.6477685 ,0.9110444 ,4.3802094 ,3 ,Acc ,4
254f4035bff2bd85 ,122723781481 ,-3.0100384 ,-1.412687 ,0.2312125 ,3 ,Acc ,4
254f4035bff2bd85 ,122830464540 ,-2.3930645 ,-1.5098145 ,-2.2672262 ,3 ,Acc ,4
254f4035bff2bd85 ,122937276063 ,-3.3209689 ,-1.2630249 ,-3.4266484 ,3 ,Acc ,4
254f4035bff2bd85 ,123043965516 ,-2.4309382 ,0.09126327 ,-3.224452 ,3 ,Acc ,4
254f4035bff2bd85 ,123150654969 ,-0.5574146 ,1.5561181 ,-1.9263636 ,3 ,Acc ,4
254f4035bff2bd85 ,123257466493 ,-0.92149025 ,2.436375 ,-1.1682798 ,3 ,Acc ,4
254f4035bff2bd85 ,123364155946 ,-2.5573874 ,2.4424834 ,-0.56230146 ,3 ,Acc ,4
254f4035bff2bd85 ,123470845399 ,-2.3258693 ,2.3331387 ,0.29840767 ,3 ,Acc ,4
254f4035bff2bd85 ,123577656923 ,-1.3930782 ,1.4174517 ,1.0516045 ,3 ,Acc ,4
254f4035bff2bd85 ,123684346376 ,0.82314086 ,0.25497514 ,0.71990466 ,3 ,Acc ,4
254f4035bff2bd85 ,123791035829 ,1.0607674 ,-0.3045774 ,0.23365596 ,3 ,Acc ,4
254f4035bff2bd85 ,123897725282 ,-1.1114694 ,-0.28197542 ,0.03023783 ,3 ,Acc ,4
254f4035bff2bd85 ,124004536805 ,0.34422258 ,0.32278118 ,-0.61300325 ,3 ,Acc ,4
254f4035bff2bd85 ,124111226259 ,-0.06261369 ,0.42296308 ,-0.31795537 ,3 ,Acc ,4
254f4035bff2bd85 ,124217915712 ,-0.19883664 ,0.5714033 ,-0.20799962 ,3 ,Acc ,4
254f4035bff2bd85 ,124324727235 ,0.39736784 ,0.4559498 ,-0.24709499 ,3 ,Acc ,4
254f4035bff2bd85 ,124431416688 ,0.2910773 ,0.3893655 ,-0.21166481 ,3 ,Acc ,4
254f4035bff2bd85 ,124538106141 ,-0.036957346 ,0.22198844 ,-0.21166481 ,3 ,Acc ,4
254f4035bff2bd85 ,124644917665 ,0.3484986 ,-0.03885103 ,0.23732114 ,3 ,Acc ,4
254f4035bff2bd85 ,124751607118 ,0.23915374 ,0.1486846 ,0.3417791 ,3 ,Acc ,4
254f4035bff2bd85 ,124858290576 ,-0.00702495 ,0.23237315 ,0.2330451 ,3 ,Acc ,4
254f4035bff2bd85 ,124965102099 ,-0.501215 ,0.07415904 ,0.31306845 ,3 ,Acc ,4
254f4035bff2bd85 ,125071791553 ,0.55497104 ,-0.19523253 ,0.21594086 ,3 ,Acc ,4
254f4035bff2bd85 ,125178481006 ,0.1572978 ,-0.030298913 ,-0.030848697 ,3 ,Acc ,4
254f4035bff2bd85 ,125285292529 ,-0.14752395 ,0.10531317 ,-0.13347405 ,3 ,Acc ,4
254f4035bff2bd85 ,125391981982 ,-0.10293079 ,0.048502702 ,-0.12431108 ,3 ,Acc ,4
254f4035bff2bd85 ,125498671435 ,-0.061391957 ,0.059498277 ,-0.10842858 ,3 ,Acc ,4
254f4035bff2bd85 ,125605482959 ,-0.044898596 ,0.060720008 ,-0.07422013 ,3 ,Acc ,4
254f4035bff2bd85 ,125712172412 ,-0.016798794 ,0.06988299 ,-0.087659165 ,3 ,Acc ,4
254f4035bff2bd85 ,125818861865 ,0.0290161 ,0.0057421364 ,-0.05650504 ,3 ,Acc ,4
254f4035bff2bd85 ,125925673389 ,0.013744468 ,-0.038240165 ,-0.011301008 ,3 ,Acc ,4
254f4035bff2bd85 ,126032362842 ,-0.01863139 ,-0.026633723 ,0.044898592 ,3 ,Acc ,4
254f4035bff2bd85 ,126139052295 ,0.02657264 ,-0.062674776 ,0.052228972 ,3 ,Acc ,4
254f4035bff2bd85 ,126245741748 ,0.005192355 ,-0.081611596 ,-0.0021380298 ,3 ,Acc ,4
254f4035bff2bd85 ,126352553271 ,-0.20677789 ,-0.14330898 ,-0.2012801 ,3 ,Acc ,4
254f4035bff2bd85 ,126459242724 ,-0.28313604 ,-0.33573154 ,-0.50793445 ,3 ,Acc ,4
254f4035bff2bd85 ,126565932178 ,-0.42058071 ,-0.31435126 ,-0.64660084 ,3 ,Acc ,4
254f4035bff2bd85 ,126672743701 ,-0.51343226 ,-0.596571 ,-0.77121735 ,3 ,Acc ,4
254f4035bff2bd85 ,126779433154 ,-0.35094208 ,-0.6142861 ,-0.39003748 ,3 ,Acc ,4
254f4035bff2bd85 ,126886116598 ,-0.3998113 ,-0.40659192 ,0.094989546 ,3 ,Acc ,4
254f4035bff2bd85 ,126992928122 ,-0.05589417 ,-0.4298048 ,0.26419923 ,3 ,Acc ,4
254f4035bff2bd85 ,127099617575 ,-0.016798794 ,-0.27220157 ,0.013744468 ,3 ,Acc ,4
254f4035bff2bd85 ,127206307028 ,0.050396383 ,0.038117994 ,-0.12675454 ,3 ,Acc ,4
254f4035bff2bd85 ,127313118551 ,0.07727446 ,0.34232888 ,-0.42363507 ,3 ,Acc ,4
254f4035bff2bd85 ,127419808005 ,-0.21288654 ,0.20427334 ,-0.5555819 ,3 ,Acc ,4
254f4035bff2bd85 ,127526497458 ,-0.2648101 ,0.09004154 ,-0.51893 ,3 ,Acc ,4
254f4035bff2bd85 ,127633308981 ,-0.40042216 ,0.14990634 ,-0.40286562 ,3 ,Acc ,4
254f4035bff2bd85 ,127739998434 ,-0.48899764 ,0.20121902 ,-0.2134974 ,3 ,Acc ,4
254f4035bff2bd85 ,127846687887 ,-0.410196 ,0.09859365 ,-0.058948494 ,3 ,Acc ,4
254f4035bff2bd85 ,127953499411 ,-0.13408493 ,0.0075747315 ,0.08765916 ,3 ,Acc ,4
254f4035bff2bd85 ,128060188864 ,-0.16462818 ,-0.010140361 ,0.12675454 ,3 ,Acc ,4
254f4035bff2bd85 ,128166878317 ,-0.35277468 ,0.058887415 ,0.11209378 ,3 ,Acc ,4
254f4035bff2bd85 ,128273689840 ,-0.43035457 ,0.12669346 ,0.124311075 ,3 ,Acc ,4
254f4035bff2bd85 ,128380379294 ,-0.09560041 ,0.082100295 ,0.060170226 ,3 ,Acc ,4
254f4035bff2bd85 ,128487068747 ,-0.11026118 ,0.0051312707 ,0.14630222 ,3 ,Acc ,4
254f4035bff2bd85 ,128593758200 ,0.16035213 ,-0.08649852 ,0.27947086 ,3 ,Acc ,4
254f4035bff2bd85 ,128700569723 ,0.31306845 ,-0.044348814 ,0.11698069 ,3 ,Acc ,4
254f4035bff2bd85 ,128807259176 ,0.23487769 ,-0.0779464 ,-0.036346484 ,3 ,Acc ,4
254f4035bff2bd85 ,128913943469 ,0.77304995 ,-0.058398716 ,-0.022907449 ,3 ,Acc ,4
254f4035bff2bd85 ,129020754992 ,0.9379836 ,-0.12009611 ,0.22693643 ,3 ,Acc ,4
254f4035bff2bd85 ,129127444445 ,1.1224649 ,-0.34122932 ,0.4926628 ,3 ,Acc ,4
254f4035bff2bd85 ,129234133898 ,1.1530081 ,-0.57457983 ,1.1334604 ,3 ,Acc ,4
254f4035bff2bd85 ,129340945422 ,1.144456 ,-0.5758016 ,1.4004086 ,3 ,Acc ,4
254f4035bff2bd85 ,129447634875 ,0.4266894 ,-0.3980398 ,0.93859446 ,3 ,Acc ,4
254f4035bff2bd85 ,129554324328 ,-0.2941316 ,0.17189749 ,-0.010690143 ,3 ,Acc ,4
254f4035bff2bd85 ,129661135851 ,-1.711339 ,0.5384166 ,-0.39492437 ,3 ,Acc ,4
254f4035bff2bd85 ,129767825304 ,-1.897042 ,0.27085766 ,0.066278875 ,3 ,Acc ,4
254f4035bff2bd85 ,129874514758 ,-0.641714 ,-0.26731464 ,0.4456262 ,3 ,Acc ,4
254f4035bff2bd85 ,129981326281 ,-1.2147056 ,-0.35161403 ,0.6087272 ,3 ,Acc ,4
254f4035bff2bd85 ,130301516711 ,0.43585235 ,0.30079004 ,-0.7828238 ,3 ,Acc ,4
254f4035bff2bd85 ,130398440539 ,-4.4382415 ,0.45717153 ,0.14019357 ,3 ,Acc ,4
254f4035bff2bd85 ,130505252062 ,-0.38331795 ,0.23481661 ,0.04673119 ,3 ,Acc ,4
254f4035bff2bd85 ,130611941515 ,-0.41691554 ,0.39180896 ,-0.011911874 ,3 ,Acc ,4
254f4035bff2bd85 ,130718630969 ,0.0711658 ,0.09370673 ,-0.041233405 ,3 ,Acc ,4
254f4035bff2bd85 ,130825442492 ,1.6606371 ,-0.48722613 ,0.082161374 ,3 ,Acc ,4
254f4035bff2bd85 ,130932126742 ,0.48472157 ,-0.068783425 ,0.02596177 ,3 ,Acc ,4
254f4035bff2bd85 ,131038816195 ,0.18478674 ,8.5521303E-4 ,-0.03573562 ,3 ,Acc ,4
254f4035bff2bd85 ,131145627719 ,0.26542094 ,-0.0021991115 ,-0.042455137 ,3 ,Acc ,4
254f4035bff2bd85 ,131252317172 ,-1.0699306 ,0.24092527 ,0.0070249494 ,3 ,Acc ,4
254f4035bff2bd85 ,131359006625 ,-0.33505958 ,0.06377433 ,-0.019853123 ,3 ,Acc ,4
254f4035bff2bd85 ,131465818148 ,-0.36865717 ,-0.007086033 ,0.10781771 ,3 ,Acc ,4
254f4035bff2bd85 ,131572507601 ,0.15485434 ,-0.21783453 ,0.12308934 ,3 ,Acc ,4
254f4035bff2bd85 ,131679197055 ,0.42913285 ,-0.09871582 ,0.04245513 ,3 ,Acc ,4
254f4035bff2bd85 ,131786008578 ,1.3100005 ,-0.2801428 ,0.05100724 ,3 ,Acc ,4
254f4035bff2bd85 ,131892698031 ,1.1749992 ,-0.5018869 ,0.024129177 ,3 ,Acc ,4
254f4035bff2bd85 ,131999387484 ,0.9221011 ,-0.16163494 ,0.094989546 ,3 ,Acc ,4
254f4035bff2bd85 ,132106199008 ,0.47678033 ,-0.027855454 ,0.15485434 ,3 ,Acc ,4
254f4035bff2bd85 ,132212888461 ,-0.005192355 ,0.00268781 ,0.011301005 ,3 ,Acc ,4
254f4035bff2bd85 ,132319577914 ,-0.26297748 ,0.09798279 ,0.013744468 ,3 ,Acc ,4
254f4035bff2bd85 ,132426267367 ,-0.038789943 ,0.044837512 ,0.033292152 ,3 ,Acc ,4
254f4035bff2bd85 ,132533078891 ,0.105374254 ,0.055833086 ,-0.007635817 ,3 ,Acc ,4
254f4035bff2bd85 ,132639768344 ,-0.064446285 ,0.0766025 ,-0.010690143 ,3 ,Acc ,4
254f4035bff2bd85 ,132746457797 ,-0.1328632 ,0.08087856 ,-0.0027488954 ,3 ,Acc ,4
254f4035bff2bd85 ,132853264445 ,0.10476339 ,0.010629058 ,3.0543096E-4 ,3 ,Acc ,4
254f4035bff2bd85 ,132959953898 ,0.15790866 ,0.028955014 ,0.024129177 ,3 ,Acc ,4
254f4035bff2bd85 ,133066643351 ,0.68691796 ,-0.1078788 ,0.041844264 ,3 ,Acc ,4
254f4035bff2bd85 ,133173454875 ,-1.2501358 ,0.2665816 ,0.094989546 ,3 ,Acc ,4
254f4035bff2bd85 ,133280144328 ,-0.9978484 ,0.21099286 ,-0.04734206 ,3 ,Acc ,4
254f4035bff2bd85 ,133386833781 ,-0.1872302 ,0.12852605 ,-0.038789943 ,3 ,Acc ,4
