254f4035bff2bd85 ,126771166936 ,0.2370768 ,-0.029810222 ,-0.014233159 ,3 ,Acc ,4
254f4035bff2bd85 ,126877856389 ,0.3024394 ,-0.056688294 ,-0.021563541 ,3 ,Acc ,4
254f4035bff2bd85 ,127091357366 ,0.12712106 ,0.023335053 ,0.060903266 ,3 ,Acc ,4
254f4035bff2bd85 ,127304858342 ,0.0037262775 ,0.026389379 ,4.2760745E-4 ,3 ,Acc ,4
254f4035bff2bd85 ,127411547795 ,0.006780604 ,0.029443705 ,0.0065362584 ,3 ,Acc ,4
254f4035bff2bd85 ,127518237248 ,-0.034758233 ,0.03005457 ,0.0047036633 ,3 ,Acc ,4
254f4035bff2bd85 ,127625048772 ,-0.02742785 ,0.01966986 ,-0.004459314 ,3 ,Acc ,4
254f4035bff2bd85 ,127731738225 ,0.01899791 ,-0.0035430174 ,0.0059253946 ,3 ,Acc ,4
254f4035bff2bd85 ,127819018498 ,0.16621643 ,-0.005986478 ,-0.0056810454 ,3 ,Acc ,4
254f4035bff2bd85 ,127945239202 ,0.16010778 ,-0.062186085 ,0.06701192 ,3 ,Acc ,4
254f4035bff2bd85 ,128051928655 ,0.55533755 ,-0.053023107 ,-0.002626719 ,3 ,Acc ,4
254f4035bff2bd85 ,128158740178 ,1.63718 ,-0.07684685 ,0.08045096 ,3 ,Acc ,4
254f4035bff2bd85 ,128265429631 ,1.4765223 ,-0.06768387 ,0.5886908 ,3 ,Acc ,4
254f4035bff2bd85 ,128372119084 ,1.2749368 ,-0.31386256 ,0.77683735 ,3 ,Acc ,4
254f4035bff2bd85 ,128478918900 ,1.092899 ,-0.46657887 ,0.82387394 ,3 ,Acc ,4
254f4035bff2bd85 ,128575842728 ,0.61336976 ,-0.123272605 ,0.3553403 ,3 ,Acc ,4
254f4035bff2bd85 ,128682654251 ,0.26578748 ,0.0312763 ,0.013255777 ,3 ,Acc ,4
254f4035bff2bd85 ,128789343704 ,0.16927075 ,0.017837266 ,-0.0014049895 ,3 ,Acc ,4
254f4035bff2bd85 ,128896155228 ,0.16743816 ,-0.0029321536 ,0.024251351 ,3 ,Acc ,4
254f4035bff2bd85 ,129002844681 ,0.0031154123 ,0.12657128 ,-0.04111123 ,3 ,Acc ,4
254f4035bff2bd85 ,129216345658 ,13.867313 ,0.2408031 ,-1.1785424 ,3 ,Acc ,4
254f4035bff2bd85 ,129323035111 ,2.2724798 ,-0.7976678 ,-0.20848832 ,3 ,Acc ,4
254f4035bff2bd85 ,129429724564 ,0.69644743 ,-0.2338392 ,0.051129423 ,3 ,Acc ,4
254f4035bff2bd85 ,129536536087 ,0.059315015 ,-0.015760323 ,0.04013385 ,3 ,Acc ,4
254f4035bff2bd85 ,129643225540 ,-0.043921214 ,0.0037873648 ,-0.08448266 ,3 ,Acc ,4
254f4035bff2bd85 ,129749914994 ,-0.11844677 ,-0.03958407 ,-0.025228733 ,3 ,Acc ,4
254f4035bff2bd85 ,129856726517 ,-0.09462303 ,-0.009040805 ,-0.014844024 ,3 ,Acc ,4
254f4035bff2bd85 ,129963415970 ,0.0086132 ,0.02761111 ,-0.033780847 ,3 ,Acc ,4
254f4035bff2bd85 ,130070227494 ,0.06603453 ,0.029443705 ,-0.017898351 ,3 ,Acc ,4
254f4035bff2bd85 ,130176916947 ,-0.020097466 ,0.03555236 ,-0.011789698 ,3 ,Acc ,4
254f4035bff2bd85 ,130283606400 ,-0.021930063 ,0.005619961 ,-0.035613444 ,3 ,Acc ,4
254f4035bff2bd85 ,130390417923 ,-0.102564275 ,0.0062308256 ,-0.116247654 ,3 ,Acc ,4
254f4035bff2bd85 ,130497098981 ,-1.3401773 ,0.21331415 ,-0.63487226 ,3 ,Acc ,4
254f4035bff2bd85 ,130603788434 ,-1.3157426 ,0.38679987 ,-1.8749287 ,3 ,Acc ,4
254f4035bff2bd85 ,130710599958 ,-0.91929114 ,-0.08784243 ,-2.4595268 ,3 ,Acc ,4
254f4035bff2bd85 ,130817289411 ,-0.72320336 ,-0.3749491 ,-1.7881858 ,3 ,Acc ,4
254f4035bff2bd85 ,130923978864 ,-0.6651712 ,-0.11655309 ,-0.86516845 ,3 ,Acc ,4
254f4035bff2bd85 ,131030790388 ,-0.33286047 ,0.16261233 ,-0.4424497 ,3 ,Acc ,4
254f4035bff2bd85 ,131137479841 ,0.1069625 ,0.21514675 ,-0.49498412 ,3 ,Acc ,4
254f4035bff2bd85 ,131244291364 ,-0.11355985 ,0.015393805 ,-0.20115793 ,3 ,Acc ,4
254f4035bff2bd85 ,131350980817 ,0.07092145 ,0.23652703 ,-0.35020906 ,3 ,Acc ,4
254f4035bff2bd85 ,131457670270 ,-0.6828863 ,-0.07012733 ,-0.12663236 ,3 ,Acc ,4
254f4035bff2bd85 ,131564481794 ,-0.56926537 ,0.007452556 ,-0.1223563 ,3 ,Acc ,4
254f4035bff2bd85 ,131671171247 ,-0.45075744 ,0.026389379 ,-0.09547824 ,3 ,Acc ,4
254f4035bff2bd85 ,131777860700 ,-0.61874545 ,-0.11899655 ,-0.2860682 ,3 ,Acc ,4
254f4035bff2bd85 ,131884672224 ,-0.4354858 ,-0.32852334 ,-0.26163357 ,3 ,Acc ,4
254f4035bff2bd85 ,131991361677 ,-0.20824397 ,-0.06524041 ,-0.120523706 ,3 ,Acc ,4
254f4035bff2bd85 ,132098051130 ,0.0018936819 ,0.06609562 ,-0.11074986 ,3 ,Acc ,4
254f4035bff2bd85 ,132204862653 ,-0.01704314 ,1.2217276E-4 ,-0.027672194 ,3 ,Acc ,4
254f4035bff2bd85 ,132311552106 ,-0.05186246 ,0.011728613 ,-0.0050701797 ,3 ,Acc ,4
254f4035bff2bd85 ,132418363630 ,-0.066523224 ,-0.007819075 ,-0.013622293 ,3 ,Acc ,4
254f4035bff2bd85 ,132525042463 ,-0.026206119 ,0.0062308256 ,-0.0038484503 ,3 ,Acc ,4
254f4035bff2bd85 ,132631731916 ,-0.064690635 ,-0.00965167 ,-0.0075136404 ,3 ,Acc ,4
254f4035bff2bd85 ,132738543439 ,-0.0048258356 ,0.007452556 ,0.0016493369 ,3 ,Acc ,4
254f4035bff2bd85 ,132845232893 ,0.023273965 ,-0.002321288 ,-0.002626719 ,3 ,Acc ,4
254f4035bff2bd85 ,132951922346 ,-0.009712758 ,0.022113323 ,4.2760745E-4 ,3 ,Acc ,4
254f4035bff2bd85 ,133058733869 ,-0.0029932405 ,-0.006597344 ,0.009590587 ,3 ,Acc ,4
254f4035bff2bd85 ,133165423322 ,-0.021319197 ,-0.0072082095 ,-1.832582E-4 ,3 ,Acc ,4
254f4035bff2bd85 ,133272112775 ,-0.008491026 ,0.0172264 ,0.0040927995 ,3 ,Acc ,4
254f4035bff2bd85 ,133378924299 ,0.0031154123 ,0.0043982305 ,0.005314529 ,3 ,Acc ,4
254f4035bff2bd85 ,133485613752 ,-0.023151793 ,0.011117748 ,0.0028710682 ,3 ,Acc ,4
254f4035bff2bd85 ,133592425275 ,0.0018936819 ,0.009285152 ,0.005314529 ,3 ,Acc ,4
254f4035bff2bd85 ,133699114729 ,-0.017654005 ,0.01600467 ,0.0047036633 ,3 ,Acc ,4
254f4035bff2bd85 ,133805804182 ,-0.0066584316 ,0.005619961 ,0.008979721 ,3 ,Acc ,4
254f4035bff2bd85 ,133912615705 ,-0.010323623 ,0.0043982305 ,-0.0014049895 ,3 ,Acc ,4
254f4035bff2bd85 ,134019305158 ,-0.0023823748 ,0.010506882 ,0.0016493369 ,3 ,Acc ,4
254f4035bff2bd85 ,134125994611 ,0.0086132 ,0.020280726 ,0.0022602025 ,3 ,Acc ,4
254f4035bff2bd85 ,134232806135 ,0.008002334 ,-0.0017104223 ,-0.0014049895 ,3 ,Acc ,4
254f4035bff2bd85 ,134339495588 ,0.014721852 ,0.009896018 ,-0.006291911 ,3 ,Acc ,4
254f4035bff2bd85 ,134446185041 ,0.0018936819 ,0.011117748 ,0.0065362584 ,3 ,Acc ,4
254f4035bff2bd85 ,134552986886 ,0.0012828168 ,0.005009095 ,-0.0056810454 ,3 ,Acc ,4
254f4035bff2bd85 ,134659676340 ,-0.0029932405 ,0.0013439041 ,0.0016493369 ,3 ,Acc ,4
254f4035bff2bd85 ,134766487863 ,-0.0066584316 ,-0.006597344 ,-1.832582E-4 ,3 ,Acc ,4
254f4035bff2bd85 ,134873177316 ,0.007391469 ,-0.0029321536 ,0.0022602025 ,3 ,Acc ,4
254f4035bff2bd85 ,134979866769 ,0.017776178 ,0.0019547697 ,-0.0020158533 ,3 ,Acc ,4
254f4035bff2bd85 ,135086678293 ,-0.0072692973 ,-0.005986478 ,-0.0056810454 ,3 ,Acc ,4
254f4035bff2bd85 ,135193367746 ,-5.497788E-4 ,0.0031764992 ,0.0016493369 ,3 ,Acc ,4
254f4035bff2bd85 ,135300057199 ,-0.0036041052 ,-0.002321288 ,0.005314529 ,3 ,Acc ,4
254f4035bff2bd85 ,135406868722 ,-0.012156218 ,0.005009095 ,-0.0020158533 ,3 ,Acc ,4
254f4035bff2bd85 ,135513558176 ,-0.010934487 ,0.0037873648 ,0.007147124 ,3 ,Acc ,4
254f4035bff2bd85 ,135620247629 ,-0.010323623 ,-0.0010995567 ,-7.9412386E-4 ,3 ,Acc ,4
254f4035bff2bd85 ,135727059152 ,-0.015210545 ,0.03005457 ,0.008979721 ,3 ,Acc ,4
254f4035bff2bd85 ,135833748605 ,-0.028649582 ,0.031887166 ,0.024251351 ,3 ,Acc ,4
254f4035bff2bd85 ,135940560129 ,0.03182608 ,0.047769662 ,0.024251351 ,3 ,Acc ,4
254f4035bff2bd85 ,136047249582 ,0.036102135 ,0.077091195 ,0.009590587 ,3 ,Acc ,4
254f4035bff2bd85 ,136153939035 ,-0.1300532 ,0.01600467 ,0.09083567 ,3 ,Acc ,4
254f4035bff2bd85 ,136260750558 ,-0.13860533 ,-0.075014256 ,0.12993103 ,3 ,Acc ,4
254f4035bff2bd85 ,136367440011 ,-0.16303994 ,-0.122050874 ,0.09694432 ,3 ,Acc ,4
254f4035bff2bd85 ,136474119798 ,-0.16975945 ,-0.056688294 ,0.059681535 ,3 ,Acc ,4
254f4035bff2bd85 ,136580931321 ,-0.09217957 ,-0.09028588 ,-0.019730946 ,3 ,Acc ,4
254f4035bff2bd85 ,136687620774 ,-0.020708332 ,0.020280726 ,-0.03072652 ,3 ,Acc ,4
254f4035bff2bd85 ,136794310227 ,0.064201936 ,0.013561209 ,-0.053328536 ,3 ,Acc ,4
254f4035bff2bd85 ,136901121751 ,6.7195157E-4 ,-0.13243558 ,-0.14373659 ,3 ,Acc ,4
254f4035bff2bd85 ,137007811204 ,-0.22046126 ,-0.10677925 ,-0.20543398 ,3 ,Acc ,4
254f4035bff2bd85 ,137114500657 ,-0.007880162 ,0.09419542 ,-0.027061328 ,3 ,Acc ,4
254f4035bff2bd85 ,137221312180 ,-0.35179728 ,-0.13304645 ,-0.15717563 ,3 ,Acc ,4
254f4035bff2bd85 ,137328001634 ,-0.11783591 ,-0.050579645 ,0.41337252 ,3 ,Acc ,4
254f4035bff2bd85 ,137434813157 ,-3.0225003 ,0.89931583 ,0.7640092 ,3 ,Acc ,4
254f4035bff2bd85 ,137541502610 ,-1.6773748 ,0.13451253 ,0.3186884 ,3 ,Acc ,4
254f4035bff2bd85 ,137648192063 ,-1.3835487 ,-1.000475 ,-0.41190645 ,3 ,Acc ,4
254f4035bff2bd85 ,137755003587 ,-1.1251527 ,-1.2515407 ,-0.14862351 ,3 ,Acc ,4
254f4035bff2bd85 ,137861693040 ,-1.1899045 ,-1.5007737 ,-0.07593055 ,3 ,Acc ,4
254f4035bff2bd85 ,137968382493 ,-0.9162368 ,-1.0352944 ,-0.0820392 ,3 ,Acc ,4
254f4035bff2bd85 ,138075194016 ,-1.3523946 ,-0.16114624 ,0.25821275 ,3 ,Acc ,4
254f4035bff2bd85 ,138181883469 ,-0.9040195 ,-0.07195993 ,0.17880026 ,3 ,Acc ,4
254f4035bff2bd85 ,138288572923 ,2.1564155 ,0.21025982 ,-0.10097602 ,3 ,Acc ,4
254f4035bff2bd85 ,138395384446 ,-4.3987794 ,0.5181359 ,-1.3862365 ,3 ,Acc ,4
254f4035bff2bd85 ,138502064380 ,-0.63218445 ,1.8033963 ,-1.8230052 ,3 ,Acc ,4
254f4035bff2bd85 ,138608875904 ,1.8796934 ,0.5682269 ,-0.7692626 ,3 ,Acc ,4
254f4035bff2bd85 ,138715565357 ,1.1820853 ,0.7258301 ,-0.19749273 ,3 ,Acc ,4
254f4035bff2bd85 ,138822254810 ,1.7807332 ,0.77897537 ,0.6986466 ,3 ,Acc ,4
254f4035bff2bd85 ,138929066333 ,-3.0951931 ,-0.46657887 ,0.80860233 ,3 ,Acc ,4
254f4035bff2bd85 ,139035755786 ,-0.9321193 ,-0.35295793 ,0.5398216 ,3 ,Acc ,4
254f4035bff2bd85 ,139142445240 ,0.58527 ,0.12412781 ,0.43169847 ,3 ,Acc ,4
254f4035bff2bd85 ,139249256763 ,1.6084692 ,0.68795645 ,0.12137892 ,3 ,Acc ,4
254f4035bff2bd85 ,139355946216 ,0.66529334 ,0.31288517 ,-0.2646879 ,3 ,Acc ,4
254f4035bff2bd85 ,139462635669 ,-0.1056186 ,0.38741073 ,-0.059437186 ,3 ,Acc ,4
254f4035bff2bd85 ,139569447193 ,-4.7463617 ,0.23102924 ,-0.47604728 ,3 ,Acc ,4
254f4035bff2bd85 ,139676136646 ,3.4013588 ,0.8785464 ,0.10488557 ,3 ,Acc ,4
254f4035bff2bd85 ,139782948169 ,-0.22229387 ,-0.6150191 ,-0.6935153 ,3 ,Acc ,4
254f4035bff2bd85 ,139889637622 ,-1.1618047 ,-0.4085467 ,-0.83218175 ,3 ,Acc ,4
254f4035bff2bd85 ,139996327075 ,3.0476677 ,-0.61196476 ,0.0065362584 ,3 ,Acc ,4
254f4035bff2bd85 ,140103138599 ,-1.4672372 ,-0.44642034 ,-0.50475794 ,3 ,Acc ,4
254f4035bff2bd85 ,140209828052 ,-0.70793176 ,-0.21368065 ,0.26004532 ,3 ,Acc ,4
254f4035bff2bd85 ,140423329029 ,-0.86675674 ,-0.3608992 ,0.40909645 ,3 ,Acc ,4
254f4035bff2bd85 ,140530008821 ,0.102075584 ,-0.7329161 ,0.7035335 ,3 ,Acc ,4
254f4035bff2bd85 ,140636698274 ,-0.51001143 ,0.119240895 ,-0.34959817 ,3 ,Acc ,4
254f4035bff2bd85 ,140743509797 ,0.5742744 ,-0.06646214 ,0.50683486 ,3 ,Acc ,4
254f4035bff2bd85 ,140850199250 ,0.272507 ,0.19804251 ,0.3009733 ,3 ,Acc ,4
254f4035bff2bd85 ,140957010774 ,0.34519997 ,0.56883776 ,0.48728722 ,3 ,Acc ,4
254f4035bff2bd85 ,141063700227 ,-1.8526932 ,0.9420764 ,-0.1700038 ,3 ,Acc ,4
254f4035bff2bd85 ,141170389680 ,1.3280821 ,0.6922325 ,0.66627073 ,3 ,Acc ,4
254f4035bff2bd85 ,141277201204 ,-1.0982746 ,0.554177 ,0.09694432 ,3 ,Acc ,4
254f4035bff2bd85 ,141383890657 ,-0.5332243 ,0.35870007 ,0.017531833 ,3 ,Acc ,4
254f4035bff2bd85 ,141490580110 ,-0.29254335 ,0.13084733 ,0.0120340455 ,3 ,Acc ,4
254f4035bff2bd85 ,141597391633 ,-0.6987688 ,0.21636848 ,0.46651778 ,3 ,Acc ,4
254f4035bff2bd85 ,141704081086 ,0.3867388 ,0.3196047 ,1.7743803 ,3 ,Acc ,4
254f4035bff2bd85 ,141810770539 ,0.5272378 ,0.52974236 ,2.9368567 ,3 ,Acc ,4
254f4035bff2bd85 ,141917582063 ,0.39834523 ,-0.10311405 ,2.6259265 ,3 ,Acc ,4
254f4035bff2bd85 ,142024271516 ,-2.5808446 ,-0.78789395 ,0.12993103 ,3 ,Acc ,4
254f4035bff2bd85 ,142131083039 ,-5.626008 ,-4.3357997 ,-9.492418 ,3 ,Acc ,4
254f4035bff2bd85 ,142237772493 ,1.4062729 ,-1.0163575 ,-0.7478823 ,3 ,Acc ,4
254f4035bff2bd85 ,142344461946 ,1.8247156 ,-0.49895474 ,-0.91953546 ,3 ,Acc ,4
254f4035bff2bd85 ,142451273469 ,1.5773151 ,0.9542937 ,-1.1486099 ,3 ,Acc ,4
254f4035bff2bd85 ,142557953006 ,0.8729875 ,1.3104281 ,-0.6941262 ,3 ,Acc ,4
254f4035bff2bd85 ,142664642459 ,0.5480072 ,1.1290011 ,-0.13457361 ,3 ,Acc ,4
254f4035bff2bd85 ,142771453983 ,0.06908886 ,1.0575299 ,0.08533788 ,3 ,Acc ,4
254f4035bff2bd85 ,142878143436 ,0.12345587 ,0.24630088 ,4.2760745E-4 ,3 ,Acc ,4
254f4035bff2bd85 ,142984832889 ,0.30182853 ,-0.30714306 ,-0.29584205 ,3 ,Acc ,4
254f4035bff2bd85 ,143091644413 ,0.10635164 ,-0.4806288 ,-0.29156598 ,3 ,Acc ,4
254f4035bff2bd85 ,143198333866 ,-0.035979964 ,-0.33890805 ,-0.20909917 ,3 ,Acc ,4
254f4035bff2bd85 ,143305145389 ,0.13933836 ,-0.21734585 ,-0.081428334 ,3 ,Acc ,4
254f4035bff2bd85 ,143411834842 ,0.1087951 ,-0.098838 ,-0.04355469 ,3 ,Acc ,4
254f4035bff2bd85 ,143518524295 ,-0.018264871 ,-0.05729916 ,-0.07593055 ,3 ,Acc ,4
254f4035bff2bd85 ,143625335819 ,-0.15509869 ,-0.012095131 ,-0.046609014 ,3 ,Acc ,4
254f4035bff2bd85 ,143732025272 ,-0.03781256 ,-0.012095131 ,-0.0020158533 ,3 ,Acc ,4
254f4035bff2bd85 ,143838714725 ,-0.058581978 ,0.04410447 ,4.2760745E-4 ,3 ,Acc ,4
254f4035bff2bd85 ,143945526248 ,0.044654246 ,0.062430426 ,-0.014844024 ,3 ,Acc ,4
254f4035bff2bd85 ,144052215702 ,-0.009101892 ,-0.016982054 ,-0.024007002 ,3 ,Acc ,4
254f4035bff2bd85 ,144158905155 ,-0.028038716 ,-0.038973205 ,0.0040927995 ,3 ,Acc ,4
254f4035bff2bd85 ,144265716678 ,-0.0029932405 ,-0.02125811 ,0.019975295 ,3 ,Acc ,4
254f4035bff2bd85 ,144372406131 ,0.011667525 ,-0.03530801 ,0.0077579897 ,3 ,Acc ,4
254f4035bff2bd85 ,144479217655 ,-0.0353691 ,0.031887166 ,0.026083948 ,3 ,Acc ,4
254f4035bff2bd85 ,144585897342 ,-0.024984388 ,0.027000245 ,0.0022602025 ,3 ,Acc ,4
254f4035bff2bd85 ,144692586795 ,-0.018264871 ,-0.018814648 ,-0.03194825 ,3 ,Acc ,4
254f4035bff2bd85 ,144799398318 ,-0.011545353 ,-0.05607743 ,0.01142318 ,3 ,Acc ,4
254f4035bff2bd85 ,144906087772 ,-0.066523224 ,-0.22284363 ,0.062124997 ,3 ,Acc ,4
254f4035bff2bd85 ,145012777225 ,-0.27971518 ,-0.3505145 ,0.017531833 ,3 ,Acc ,4
254f4035bff2bd85 ,145119588748 ,-1.8331455 ,-0.43359217 ,-0.2646879 ,3 ,Acc ,4
254f4035bff2bd85 ,145226278201 ,-0.24856107 ,-0.44764206 ,-0.18466456 ,3 ,Acc ,4
254f4035bff2bd85 ,145332967654 ,2.5461473 ,-0.5991366 ,0.5685323 ,3 ,Acc ,4
254f4035bff2bd85 ,145439779178 ,3.1118085 ,0.18093829 ,0.31929925 ,3 ,Acc ,4
254f4035bff2bd85 ,145546468631 ,-1.3578924 ,0.48759264 ,-0.7472715 ,3 ,Acc ,4
254f4035bff2bd85 ,145653158084 ,-0.2357329 ,1.4796379 ,0.029138273 ,3 ,Acc ,4
254f4035bff2bd85 ,145759969607 ,-3.6822345 ,0.6488611 ,-0.044165555 ,3 ,Acc ,4
254f4035bff2bd85 ,145866659061 ,0.28105912 ,0.72277576 ,0.89168 ,3 ,Acc ,4
254f4035bff2bd85 ,145973470584 ,-0.20518963 ,0.6134309 ,0.9197798 ,3 ,Acc ,4
254f4035bff2bd85 ,146080160037 ,-2.2039406 ,0.38008034 ,0.01569924 ,3 ,Acc ,4
254f4035bff2bd85 ,146186849490 ,0.65246516 ,-0.619906 ,0.7627874 ,3 ,Acc ,4
254f4035bff2bd85 ,146293661014 ,-0.43915102 ,-0.34440583 ,-0.5169752 ,3 ,Acc ,4
254f4035bff2bd85 ,146400350467 ,0.7459275 ,0.19743165 ,0.5453194 ,3 ,Acc ,4
254f4035bff2bd85 ,146507029410 ,-1.7347963 ,0.5932723 ,-0.63120705 ,3 ,Acc ,4
254f4035bff2bd85 ,146613840933 ,-0.8722545 ,0.8925963 ,0.09694432 ,3 ,Acc ,4
254f4035bff2bd85 ,146720530387 ,-3.5411248 ,1.7270383 ,0.2307238 ,3 ,Acc ,4
254f4035bff2bd85 ,146827219840 ,-1.0933877 ,0.8437271 ,3.2587829 ,3 ,Acc ,4
254f4035bff2bd85 ,146934031363 ,1.1936917 ,-1.7261829 ,3.7279274 ,3 ,Acc ,4
254f4035bff2bd85 ,147040720816 ,-1.962649 ,-3.3565824 ,-0.97390246 ,3 ,Acc ,4
254f4035bff2bd85 ,147147532340 ,-4.7933984 ,-0.07195993 ,-8.683633 ,3 ,Acc ,4
254f4035bff2bd85 ,147254221793 ,-0.7506923 ,-1.3462248 ,-0.028893925 ,3 ,Acc ,4
254f4035bff2bd85 ,147360911246 ,1.0623558 ,0.01966986 ,-0.013622293 ,3 ,Acc ,4
254f4035bff2bd85 ,147467722769 ,3.5797315 ,1.0379822 ,-0.63670486 ,3 ,Acc ,4
254f4035bff2bd85 ,147574412222 ,1.4746897 ,1.5816523 ,-2.6226277 ,3 ,Acc ,4
254f4035bff2bd85 ,147681101676 ,2.7740002 ,1.2187984 ,0.6412252 ,3 ,Acc ,4
254f4035bff2bd85 ,147787913199 ,-0.5375003 ,1.609752 ,-0.7827017 ,3 ,Acc ,4
254f4035bff2bd85 ,147894602652 ,-0.4727486 ,1.4680314 ,0.710253 ,3 ,Acc ,4
254f4035bff2bd85 ,148001292105 ,-0.6944927 ,1.4130535 ,2.1744971 ,3 ,Acc ,4
254f4035bff2bd85 ,148108103629 ,-1.1941805 ,1.1833682 ,3.6442387 ,3 ,Acc ,4
254f4035bff2bd85 ,148214793082 ,-0.8942456 ,0.576779 ,3.2612262 ,3 ,Acc ,4
254f4035bff2bd85 ,148321604605 ,-3.5234096 ,-1.7432872 ,-0.40824124 ,3 ,Acc ,4
254f4035bff2bd85 ,148428294058 ,-9.594188 ,-2.4860992 ,-10.8057785 ,3 ,Acc ,4
254f4035bff2bd85 ,148534975433 ,-0.24061982 ,-1.5740775 ,0.82204133 ,3 ,Acc ,4
254f4035bff2bd85 ,148641786956 ,1.056858 ,0.25179866 ,-0.2964529 ,3 ,Acc ,4
254f4035bff2bd85 ,148748476409 ,2.7330723 ,0.36725217 ,0.3626707 ,3 ,Acc ,4
254f4035bff2bd85 ,148855165862 ,-0.42998803 ,1.7997313 ,-1.6275283 ,3 ,Acc ,4
254f4035bff2bd85 ,148961977386 ,-6.032844 ,1.2640024 ,0.9930836 ,3 ,Acc ,4
254f4035bff2bd85 ,149068666839 ,1.9963686 ,2.182133 ,1.4408479 ,3 ,Acc ,4
254f4035bff2bd85 ,149175356292 ,-1.3994312 ,1.383732 ,0.54470855 ,3 ,Acc ,4
254f4035bff2bd85 ,149282167815 ,2.6597683 ,-0.028588494 ,3.4383771 ,3 ,Acc ,4
254f4035bff2bd85 ,149388857268 ,1.2749368 ,0.32388073 ,4.2935886 ,3 ,Acc ,4
254f4035bff2bd85 ,149495668792 ,-1.0115318 ,0.74110174 ,3.3137608 ,3 ,Acc ,4
254f4035bff2bd85 ,149602358245 ,-3.925359 ,-5.680925 ,-7.516269 ,3 ,Acc ,4
254f4035bff2bd85 ,149709047698 ,10.44769 ,1.6494584 ,-2.3807251 ,3 ,Acc ,4
254f4035bff2bd85 ,149815859222 ,-0.6230215 ,-1.1562457 ,0.35778376 ,3 ,Acc ,4
254f4035bff2bd85 ,149922548675 ,0.54006594 ,0.3813021 ,0.2643214 ,3 ,Acc ,4
254f4035bff2bd85 ,150029238128 ,1.4862962 ,1.2334591 ,0.13909401 ,3 ,Acc ,4
254f4035bff2bd85 ,150136049651 ,-0.5051245 ,2.4777915 ,-2.0789578 ,3 ,Acc ,4
254f4035bff2bd85 ,150242739104 ,6.4172006 ,1.9182391 ,0.8574715 ,3 ,Acc ,4
254f4035bff2bd85 ,150349550628 ,-3.9913325 ,1.8137811 ,-1.8407203 ,3 ,Acc ,4
254f4035bff2bd85 ,150456240081 ,-0.54971766 ,1.7013819 ,2.460382 ,3 ,Acc ,4
254f4035bff2bd85 ,150562920231 ,-0.65112126 ,0.54257053 ,4.3363495 ,3 ,Acc ,4
254f4035bff2bd85 ,150669731755 ,-0.3023172 ,-0.14343116 ,3.284439 ,3 ,Acc ,4
254f4035bff2bd85 ,150776421208 ,-1.9137797 ,-0.20329595 ,1.503767 ,3 ,Acc ,4
254f4035bff2bd85 ,150883110661 ,-9.968038 ,-5.6338882 ,-11.948096 ,3 ,Acc ,4
254f4035bff2bd85 ,150989922184 ,1.4087163 ,-1.0475117 ,1.1348044 ,3 ,Acc ,4
254f4035bff2bd85 ,151096611637 ,0.8674897 ,0.20354031 ,-0.047830746 ,3 ,Acc ,4
254f4035bff2bd85 ,151203301090 ,2.0837224 ,0.43994513 ,-0.27812696 ,3 ,Acc ,4
254f4035bff2bd85 ,151310112614 ,2.2162802 ,0.99583256 ,-1.8773721 ,3 ,Acc ,4
254f4035bff2bd85 ,151416802067 ,0.240742 ,1.1589335 ,-2.1968546 ,3 ,Acc ,4
254f4035bff2bd85 ,151523613590 ,-0.8056702 ,1.6048652 ,-0.5346904 ,3 ,Acc ,4
254f4035bff2bd85 ,151630303044 ,-2.0732155 ,0.8541118 ,0.59846467 ,3 ,Acc ,4
254f4035bff2bd85 ,151736992497 ,-0.9101281 ,0.6427524 ,1.8305799 ,3 ,Acc ,4
254f4035bff2bd85 ,151843804020 ,-1.9204992 ,0.9878913 ,3.3265889 ,3 ,Acc ,4
254f4035bff2bd85 ,151950493473 ,-0.44953573 ,0.7856949 ,3.3455257 ,3 ,Acc ,4
254f4035bff2bd85 ,152057182926 ,-1.7036421 ,-0.2943149 ,1.8153082 ,3 ,Acc ,4
254f4035bff2bd85 ,152163994450 ,-5.593021 ,-5.195898 ,-9.131396 ,3 ,Acc ,4
254f4035bff2bd85 ,152270683903 ,3.4887125 ,-0.3010344 ,-0.11136073 ,3 ,Acc ,4
254f4035bff2bd85 ,152377373356 ,0.38124102 ,-0.3327994 ,0.025473082 ,3 ,Acc ,4
254f4035bff2bd85 ,152484184880 ,1.7654617 ,0.27745497 ,0.20690006 ,3 ,Acc ,4
254f4035bff2bd85 ,152590865857 ,1.3268604 ,1.9048 ,-1.293385 ,3 ,Acc ,4
254f4035bff2bd85 ,152697677380 ,-1.0836139 ,1.2743871 ,-1.2500136 ,3 ,Acc ,4
254f4035bff2bd85 ,152804366833 ,2.2071173 ,1.882198 ,-0.49559498 ,3 ,Acc ,4
254f4035bff2bd85 ,152911056286 ,-2.9846265 ,1.7838488 ,0.26248878 ,3 ,Acc ,4
254f4035bff2bd85 ,153017867810 ,0.06542367 ,1.6793908 ,3.4640336 ,3 ,Acc ,4
254f4035bff2bd85 ,153124557263 ,-0.6120259 ,0.2579073 ,3.964943 ,3 ,Acc ,4
254f4035bff2bd85 ,153231246716 ,0.36291507 ,-0.59119534 ,2.5807223 ,3 ,Acc ,4
254f4035bff2bd85 ,153338058239 ,-2.9485855 ,-1.2826948 ,0.1250441 ,3 ,Acc ,4
254f4035bff2bd85 ,153444747693 ,-11.117075 ,-3.112847 ,-12.502762 ,3 ,Acc ,4
254f4035bff2bd85 ,153551437146 ,-0.5167309 ,-0.887465 ,0.73590934 ,3 ,Acc ,4
254f4035bff2bd85 ,153658248669 ,0.70194525 ,0.16322319 ,0.09327912 ,3 ,Acc ,4
254f4035bff2bd85 ,153764938122 ,2.1814609 ,0.66718704 ,0.04746423 ,3 ,Acc ,4
254f4035bff2bd85 ,153871749646 ,1.9481103 ,1.7258165 ,-0.79308635 ,3 ,Acc ,4
254f4035bff2bd85 ,153978439099 ,1.9157345 ,1.4173295 ,-0.78758854 ,3 ,Acc ,4
254f4035bff2bd85 ,154085128552 ,0.27678305 ,1.773464 ,-0.5145318 ,3 ,Acc ,4
254f4035bff2bd85 ,154191940075 ,-0.3377474 ,2.094779 ,1.2325428 ,3 ,Acc ,4
254f4035bff2bd85 ,154298629529 ,0.26151142 ,1.465588 ,2.4774861 ,3 ,Acc ,4
254f4035bff2bd85 ,154405318982 ,-0.41593814 ,0.9677327 ,2.7768102 ,3 ,Acc ,4
254f4035bff2bd85 ,154512130505 ,-2.4098024 ,0.640309 ,1.8159192 ,3 ,Acc ,4
254f4035bff2bd85 ,154618810081 ,-3.5570073 ,-5.566082 ,-6.2591085 ,3 ,Acc ,4
254f4035bff2bd85 ,154725499534 ,1.0782382 ,0.40268236 ,-3.41492 ,3 ,Acc ,4
254f4035bff2bd85 ,154832311058 ,-0.8001724 ,-0.7078706 ,-0.069821894 ,3 ,Acc ,4
254f4035bff2bd85 ,154939000511 ,0.63047403 ,-0.027366763 ,-0.036224306 ,3 ,Acc ,4
254f4035bff2bd85 ,155045812034 ,1.5107309 ,0.33365458 ,0.3131906 ,3 ,Acc ,4
254f4035bff2bd85 ,155152501487 ,1.6750536 ,1.7209296 ,-1.1174558 ,3 ,Acc ,4
254f4035bff2bd85 ,155259190941 ,-1.3346795 ,1.1998615 ,-0.38136318 ,3 ,Acc ,4
254f4035bff2bd85 ,155366002464 ,0.15827519 ,2.2548258 ,0.6894836 ,3 ,Acc ,4
254f4035bff2bd85 ,155472691917 ,-0.70793176 ,1.8834198 ,1.1586281 ,3 ,Acc ,4
254f4035bff2bd85 ,155579381370 ,-0.13066408 ,1.0508105 ,3.081632 ,3 ,Acc ,4
254f4035bff2bd85 ,155686192894 ,-0.6969362 ,0.43627995 ,3.3510234 ,3 ,Acc ,4
254f4035bff2bd85 ,155792882347 ,-2.5203688 ,-0.03286455 ,2.3479826 ,3 ,Acc ,4
254f4035bff2bd85 ,155899571800 ,-5.4470243 ,-5.3186817 ,-8.810693 ,3 ,Acc ,4
254f4035bff2bd85 ,156006383323 ,4.535125 ,-0.3676187 ,-1.6843387 ,3 ,Acc ,4
254f4035bff2bd85 ,156113072777 ,-0.9021869 ,-0.081122905 ,-0.08081747 ,3 ,Acc ,4
254f4035bff2bd85 ,156219884300 ,0.68606275 ,-0.088453285 ,-0.19504927 ,3 ,Acc ,4
254f4035bff2bd85 ,156326573753 ,1.6872709 ,0.84983575 ,-0.10891727 ,3 ,Acc ,4
254f4035bff2bd85 ,156433263206 ,-2.420187 ,2.1033313 ,-1.918911 ,3 ,Acc ,4
254f4035bff2bd85 ,156540065671 ,2.2981362 ,1.8803654 ,1.3058466 ,3 ,Acc ,4
254f4035bff2bd85 ,156646755124 ,-3.24119 ,2.5113893 ,1.4884953 ,3 ,Acc ,4
254f4035bff2bd85 ,156753444577 ,0.69950175 ,1.0599734 ,3.870259 ,3 ,Acc ,4
254f4035bff2bd85 ,156860256100 ,0.76181 ,-0.24055873 ,4.373612 ,3 ,Acc ,4
254f4035bff2bd85 ,156966945553 ,-0.13432927 ,-1.1916759 ,2.6888456 ,3 ,Acc ,4
254f4035bff2bd85 ,157073757077 ,-5.4091506 ,-5.363886 ,-6.6372337 ,3 ,Acc ,4
254f4035bff2bd85 ,157180446530 ,2.0018666 ,-0.033475414 ,-2.8920193 ,3 ,Acc ,4
254f4035bff2bd85 ,157287135983 ,-0.66578203 ,-0.8337089 ,-0.26102272 ,3 ,Acc ,4
254f4035bff2bd85 ,157393947507 ,0.5516724 ,0.46682322 ,-0.33249396 ,3 ,Acc ,4
254f4035bff2bd85 ,157500636960 ,0.6597955 ,0.97078705 ,0.03280347 ,3 ,Acc ,4
254f4035bff2bd85 ,157607326413 ,-1.0536815 ,2.3837185 ,-0.80530363 ,3 ,Acc ,4
254f4035bff2bd85 ,157714137936 ,-4.6400714 ,3.3720984 ,0.4787351 ,3 ,Acc ,4
254f4035bff2bd85 ,157820827389 ,-0.15570955 ,1.3030977 ,2.6827369 ,3 ,Acc ,4
254f4035bff2bd85 ,157927516843 ,0.25418103 ,-0.3505145 ,2.9191418 ,3 ,Acc ,4
254f4035bff2bd85 ,158034328366 ,2.076392 ,-1.7023592 ,3.4011145 ,3 ,Acc ,4
254f4035bff2bd85 ,158141017819 ,1.5143961 ,-0.6901555 ,3.453038 ,3 ,Acc ,4
254f4035bff2bd85 ,158247829343 ,-0.61324763 ,-0.95038414 ,1.1488543 ,3 ,Acc ,4
254f4035bff2bd85 ,158354518796 ,-3.6547456 ,-6.170228 ,-7.7868824 ,3 ,Acc ,4
254f4035bff2bd85 ,158461208249 ,1.4013859 ,-0.4384791 ,-1.9268522 ,3 ,Acc ,4
254f4035bff2bd85 ,158568009529 ,-0.99442756 ,-0.39632937 ,-0.54202074 ,3 ,Acc ,4
254f4035bff2bd85 ,158674698982 ,0.21080959 ,0.23041837 ,0.04440991 ,3 ,Acc ,4
254f4035bff2bd85 ,158781388435 ,1.0318124 ,0.10946705 ,0.4115399 ,3 ,Acc ,4
254f4035bff2bd85 ,158888199959 ,1.0165409 ,1.1900877 ,-0.4534453 ,3 ,Acc ,4
254f4035bff2bd85 ,158994889412 ,0.3849062 ,1.2224636 ,-0.7552127 ,3 ,Acc ,4
254f4035bff2bd85 ,159101578865 ,3.3384397 ,0.35014796 ,-0.4406171 ,3 ,Acc ,4
254f4035bff2bd85 ,159208390389 ,3.8760011 ,0.006841691 ,0.02730568 ,3 ,Acc ,4
254f4035bff2bd85 ,159315079842 ,0.993328 ,-0.46841148 ,0.13115276 ,3 ,Acc ,4
254f4035bff2bd85 ,159421891365 ,0.57732874 ,0.14978416 ,0.43353105 ,3 ,Acc ,4
254f4035bff2bd85 ,159528580818 ,0.98783016 ,0.0019547697 ,0.14153747 ,3 ,Acc ,4
254f4035bff2bd85 ,159635270271 ,-2.4061372 ,-0.87830204 ,-0.36792415 ,3 ,Acc ,4
254f4035bff2bd85 ,159742081795 ,-1.9406579 ,-1.5484211 ,-0.5157535 ,3 ,Acc ,4
254f4035bff2bd85 ,159848771248 ,-2.3138964 ,-1.5734667 ,-1.5749938 ,3 ,Acc ,4
254f4035bff2bd85 ,159955460701 ,1.1735332 ,-1.0242988 ,-0.6611395 ,3 ,Acc ,4
254f4035bff2bd85 ,160062272225 ,-0.8264396 ,-0.60891044 ,0.37610972 ,3 ,Acc ,4
254f4035bff2bd85 ,160168961678 ,0.55411583 ,-0.5820324 ,0.95032305 ,3 ,Acc ,4
254f4035bff2bd85 ,160275773201 ,-0.54849595 ,0.63725466 ,0.8531955 ,3 ,Acc ,4
254f4035bff2bd85 ,160382462654 ,-0.49901578 ,1.6005892 ,0.6766554 ,3 ,Acc ,4
254f4035bff2bd85 ,160489152107 ,-1.0237491 ,1.4637554 ,0.40909645 ,3 ,Acc ,4
254f4035bff2bd85 ,160595954704 ,-0.27788258 ,0.7294953 ,0.18796323 ,3 ,Acc ,4
254f4035bff2bd85 ,160702644157 ,-0.22840251 ,-0.035918877 ,-0.093034774 ,3 ,Acc ,4
254f4035bff2bd85 ,160809333610 ,-1.993803 ,-0.8361523 ,-0.16206256 ,3 ,Acc ,4
254f4035bff2bd85 ,160916145133 ,-2.651705 ,-0.98764694 ,0.6222884 ,3 ,Acc ,4
254f4035bff2bd85 ,161022834587 ,-0.77451605 ,-0.98275995 ,1.104872 ,3 ,Acc ,4
254f4035bff2bd85 ,161129524040 ,1.0238712 ,-0.30164528 ,1.1311392 ,3 ,Acc ,4
254f4035bff2bd85 ,161236335563 ,2.0385184 ,0.15955801 ,0.97048163 ,3 ,Acc ,4
254f4035bff2bd85 ,161343025016 ,1.387947 ,-0.027977629 ,0.6839858 ,3 ,Acc ,4
254f4035bff2bd85 ,161449836540 ,0.86565715 ,-0.088453285 ,0.8519738 ,3 ,Acc ,4
254f4035bff2bd85 ,161556525993 ,1.5846455 ,-0.21856758 ,1.3730417 ,3 ,Acc ,4
254f4035bff2bd85 ,161663215446 ,0.4869207 ,0.44849727 ,0.5453194 ,3 ,Acc ,4
254f4035bff2bd85 ,161770026969 ,-0.22534819 ,0.24202481 ,0.24904975 ,3 ,Acc ,4
254f4035bff2bd85 ,161876716423 ,0.5168531 ,0.4790405 ,-0.0050701797 ,3 ,Acc ,4
254f4035bff2bd85 ,161983405876 ,0.55778104 ,0.40146062 ,-0.39785653 ,3 ,Acc ,4
254f4035bff2bd85 ,162090217399 ,-0.23878722 ,0.0062308256 ,-0.038056903 ,3 ,Acc ,4
254f4035bff2bd85 ,162196906852 ,0.080695294 ,0.06487389 ,-0.16511688 ,3 ,Acc ,4
254f4035bff2bd85 ,162303596305 ,-0.18136589 ,-0.17092009 ,0.10793989 ,3 ,Acc ,4
254f4035bff2bd85 ,162410407829 ,-0.19236147 ,-0.19474383 ,0.10244211 ,3 ,Acc ,4
254f4035bff2bd85 ,162517097282 ,-0.20457877 ,-0.21612412 ,-0.05882632 ,3 ,Acc ,4
254f4035bff2bd85 ,162623898790 ,-0.112948984 ,-0.18008307 ,-0.1278541 ,3 ,Acc ,4
254f4035bff2bd85 ,162730588243 ,-0.02987131 ,-0.024312435 ,-0.05760459 ,3 ,Acc ,4
254f4035bff2bd85 ,162837277697 ,0.055038955 ,0.012339478 ,-0.10708468 ,3 ,Acc ,4
254f4035bff2bd85 ,162944089220 ,-0.028649582 ,-0.037751473 ,-0.14495832 ,3 ,Acc ,4
254f4035bff2bd85 ,163050778673 ,-0.11111639 ,-0.06157522 ,-0.1400714 ,3 ,Acc ,4
254f4035bff2bd85 ,163157468126 ,-0.016432274 ,0.006841691 ,0.012644911 ,3 ,Acc ,4
254f4035bff2bd85 ,163264279650 ,0.04404338 ,0.0893085 ,0.014477508 ,3 ,Acc ,4
254f4035bff2bd85 ,163370969103 ,-0.039645158 ,7.330384E-4 ,-0.01667662 ,3 ,Acc ,4
254f4035bff2bd85 ,163477780626 ,-0.033536505 ,-0.054855697 ,0.024862217 ,3 ,Acc ,4
254f4035bff2bd85 ,163584470079 ,0.045265112 ,0.044715337 ,0.06701192 ,3 ,Acc ,4
254f4035bff2bd85 ,163691159533 ,-0.010934487 ,0.0062308256 ,-0.017287485 ,3 ,Acc ,4
254f4035bff2bd85 ,163797971056 ,0.02144137 ,7.330384E-4 ,0.026694814 ,3 ,Acc ,4
254f4035bff2bd85 ,163904660509 ,0.026939157 ,0.021502458 ,0.021807892 ,3 ,Acc ,4
254f4035bff2bd85 ,164011349962 ,-0.0023823748 ,-0.0072082095 ,0.010201452 ,3 ,Acc ,4
254f4035bff2bd85 ,164118161486 ,0.00983493 ,-0.013927726 ,0.024862217 ,3 ,Acc ,4
254f4035bff2bd85 ,164224850939 ,6.7195157E-4 ,-0.0053756144 ,0.010201452 ,3 ,Acc ,4
254f4035bff2bd85 ,164331540392 ,-0.03781256 ,-0.014538592 ,-0.02950479 ,3 ,Acc ,4
254f4035bff2bd85 ,164438351915 ,0.0037262775 ,0.008674287 ,0.0120340455 ,3 ,Acc ,4
254f4035bff2bd85 ,164545033435 ,-0.007880162 ,-0.006597344 ,0.012644911 ,3 ,Acc ,4
254f4035bff2bd85 ,164651844959 ,-0.025595253 ,-0.007819075 ,-0.014844024 ,3 ,Acc ,4
254f4035bff2bd85 ,164758534412 ,-0.014599679 ,-0.006597344 ,0.007147124 ,3 ,Acc ,4
254f4035bff2bd85 ,164865223865 ,0.0012828168 ,-0.010262536 ,0.051129423 ,3 ,Acc ,4
254f4035bff2bd85 ,164972035389 ,-0.053695057 ,-0.06646214 ,0.03707952 ,3 ,Acc ,4
254f4035bff2bd85 ,165078724842 ,-0.1092838 ,-0.09334021 ,0.024862217 ,3 ,Acc ,4
254f4035bff2bd85 ,165185414295 ,-0.13188581 ,-0.09517281 ,0.04135558 ,3 ,Acc ,4
254f4035bff2bd85 ,165292225818 ,-0.095233895 ,-0.027366763 ,0.028527407 ,3 ,Acc ,4
254f4035bff2bd85 ,165398915271 ,-0.012767084 ,-0.023090707 ,0.005314529 ,3 ,Acc ,4
254f4035bff2bd85 ,165505726795 ,-0.01704314 ,-0.022479841 ,-0.05149594 ,3 ,Acc ,4
254f4035bff2bd85 ,165612416248 ,-0.05552765 ,0.0043982305 ,-0.017287485 ,3 ,Acc ,4
254f4035bff2bd85 ,165719105701 ,-0.1514335 ,0.0312763 ,-0.0050701797 ,3 ,Acc ,4
254f4035bff2bd85 ,165825917225 ,-0.09889908 ,0.0471588 ,-0.033780847 ,3 ,Acc ,4
254f4035bff2bd85 ,165932606678 ,-0.032314774 ,0.03249803 ,-0.037446037 ,3 ,Acc ,4
254f4035bff2bd85 ,166039296131 ,0.0037262775 ,0.031887166 ,-0.017287485 ,3 ,Acc ,4
254f4035bff2bd85 ,166146107654 ,-0.015210545 ,0.022724187 ,-0.009957102 ,3 ,Acc ,4
254f4035bff2bd85 ,166252797107 ,-0.011545353 ,0.013561209 ,-0.0050701797 ,3 ,Acc ,4
254f4035bff2bd85 ,166359486560 ,0.004337143 ,0.018448131 ,0.0077579897 ,3 ,Acc ,4
254f4035bff2bd85 ,166466298084 ,0.03549127 ,0.005009095 ,0.01569924 ,3 ,Acc ,4
254f4035bff2bd85 ,166572977494 ,0.01899791 ,0.01600467 ,0.0010384731 ,3 ,Acc ,4
254f4035bff2bd85 ,166679789017 ,-0.0048258356 ,-0.002321288 ,-0.011789698 ,3 ,Acc ,4
254f4035bff2bd85 ,166786478471 ,-0.010323623 ,-0.0053756144 ,-0.0032375846 ,3 ,Acc ,4
254f4035bff2bd85 ,166893167924 ,-0.05186246 ,-0.010873402 ,0.0022602025 ,3 ,Acc ,4
254f4035bff2bd85 ,166999979447 ,-0.0066584316 ,0.008674287 ,0.029749138 ,3 ,Acc ,4
254f4035bff2bd85 ,167106668900 ,0.012278391 ,0.011117748 ,0.0120340455 ,3 ,Acc ,4
254f4035bff2bd85 ,167203714799 ,0.015332717 ,7.330384E-4 ,-0.0056810454 ,3 ,Acc ,4
254f4035bff2bd85 ,167310404252 ,0.03549127 ,0.012950344 ,-0.008735372 ,3 ,Acc ,4
254f4035bff2bd85 ,167417215775 ,-0.042699482 ,0.009896018 ,-0.008124506 ,3 ,Acc ,4
254f4035bff2bd85 ,167523905228 ,0.0018936819 ,1.2217276E-4 ,0.032192603 ,3 ,Acc ,4
254f4035bff2bd85 ,167630594682 ,0.004337143 ,-0.010262536 ,-0.0050701797 ,3 ,Acc ,4
254f4035bff2bd85 ,167737406205 ,-0.017654005 ,-0.012705997 ,-0.015454889 ,3 ,Acc ,4
254f4035bff2bd85 ,167844095658 ,-0.016432274 ,-0.0072082095 ,0.01569924 ,3 ,Acc ,4
254f4035bff2bd85 ,167950785111 ,-0.035979964 ,-0.010873402 ,0.0034819338 ,3 ,Acc ,4
254f4035bff2bd85 ,168057596635 ,-0.015210545 ,-0.0029321536 ,0.008368855 ,3 ,Acc ,4
254f4035bff2bd85 ,168164286088 ,-0.025595253 ,-0.0017104223 ,-0.004459314 ,3 ,Acc ,4
254f4035bff2bd85 ,168271097611 ,-0.06713409 ,-0.012705997 ,0.021197027 ,3 ,Acc ,4
254f4035bff2bd85 ,168377787064 ,0.011667525 ,0.023335053 ,0.014477508 ,3 ,Acc ,4
254f4035bff2bd85 ,168484476517 ,0.034880403 ,0.0019547697 ,-0.030115655 ,3 ,Acc ,4
254f4035bff2bd85 ,168591279277 ,0.045875978 ,0.026389379 ,-0.004459314 ,3 ,Acc ,4
254f4035bff2bd85 ,168697968730 ,-0.0017715092 ,0.0025656344 ,-0.017898351 ,3 ,Acc ,4
254f4035bff2bd85 ,168804658183 ,-0.0023823748 ,-0.010262536 ,-0.028893925 ,3 ,Acc ,4
254f4035bff2bd85 ,168911469707 ,-0.031703908 ,-0.0053756144 ,-0.034391712 ,3 ,Acc ,4
254f4035bff2bd85 ,169018159160 ,-0.0054367012 ,-0.010873402 ,-0.053939402 ,3 ,Acc ,4
254f4035bff2bd85 ,169124970683 ,0.0037262775 ,0.01966986 ,-0.004459314 ,3 ,Acc ,4
254f4035bff2bd85 ,169231660136 ,-0.016432274 ,0.023945918 ,-0.008735372 ,3 ,Acc ,4
254f4035bff2bd85 ,169338349589 ,-0.030482175 ,-0.0029321536 ,-0.022785272 ,3 ,Acc ,4
254f4035bff2bd85 ,169445161113 ,-0.03109304 ,0.009285152 ,0.0077579897 ,3 ,Acc ,4
254f4035bff2bd85 ,169551850566 ,-0.028038716 ,7.330384E-4 ,0.0120340455 ,3 ,Acc ,4
254f4035bff2bd85 ,169658540019 ,-0.010323623 ,0.0062308256 ,0.0138666425 ,3 ,Acc ,4
254f4035bff2bd85 ,169765351543 ,-0.020097466 ,0.0019547697 ,0.0022602025 ,3 ,Acc ,4
254f4035bff2bd85 ,169872040996 ,0.0012828168 ,0.005009095 ,0.016920967 ,3 ,Acc ,4
254f4035bff2bd85 ,169978730449 ,0.017165313 ,0.013561209 ,0.0047036633 ,3 ,Acc ,4
254f4035bff2bd85 ,170085541972 ,0.011056661 ,0.0037873648 ,-0.0014049895 ,3 ,Acc ,4
254f4035bff2bd85 ,170192231425 ,0.010445795 ,0.0013439041 ,0.0077579897 ,3 ,Acc ,4
254f4035bff2bd85 ,170299042949 ,-0.048808135 ,0.0031764992 ,-0.002626719 ,3 ,Acc ,4
254f4035bff2bd85 ,170405732402 ,-0.034758233 ,0.0019547697 ,-0.0014049895 ,3 ,Acc ,4
254f4035bff2bd85 ,170512421855 ,0.019608773 ,0.007452556 ,-0.009346237 ,3 ,Acc ,4
254f4035bff2bd85 ,170619221858 ,0.0226631 ,0.011728613 ,-0.0038484503 ,3 ,Acc ,4
254f4035bff2bd85 ,170725911312 ,0.019608773 ,-0.004153883 ,0.022418754 ,3 ,Acc ,4
254f4035bff2bd85 ,170832600765 ,-0.013988813 ,-0.012095131 ,-0.010567967 ,3 ,Acc ,4
254f4035bff2bd85 ,170939412288 ,-0.009101892 ,-0.016982054 ,-0.0020158533 ,3 ,Acc ,4
254f4035bff2bd85 ,171046101741 ,-0.023762658 ,-0.008429941 ,-1.832582E-4 ,3 ,Acc ,4
254f4035bff2bd85 ,171152913265 ,-0.023151793 ,-0.015149457 ,-0.0069027767 ,3 ,Acc ,4
254f4035bff2bd85 ,171259602718 ,0.0031154123 ,0.009896018 ,0.0040927995 ,3 ,Acc ,4
254f4035bff2bd85 ,171366292171 ,-0.03781256 ,0.0019547697 ,-0.0056810454 ,3 ,Acc ,4
254f4035bff2bd85 ,171473103694 ,-0.0054367012 ,0.006841691 ,-0.009346237 ,3 ,Acc ,4
254f4035bff2bd85 ,171579793148 ,0.029382618 ,0.009285152 ,0.012644911 ,3 ,Acc ,4
254f4035bff2bd85 ,171686482601 ,0.0012828168 ,-0.0047647487 ,0.008979721 ,3 ,Acc ,4
254f4035bff2bd85 ,171793294124 ,0.0061697387 ,-0.0053756144 ,0.008368855 ,3 ,Acc ,4
254f4035bff2bd85 ,171899983577 ,-0.009712758 ,0.0031764992 ,0.0022602025 ,3 ,Acc ,4
254f4035bff2bd85 ,172006673030 ,6.7195157E-4 ,-0.0029321536 ,0.008979721 ,3 ,Acc ,4
254f4035bff2bd85 ,172113484554 ,0.027550023 ,0.007452556 ,0.013255777 ,3 ,Acc ,4
254f4035bff2bd85 ,172220174007 ,0.012889257 ,0.0062308256 ,-0.014233159 ,3 ,Acc ,4
254f4035bff2bd85 ,172326985530 ,0.015943583 ,0.007452556 ,0.0077579897 ,3 ,Acc ,4
254f4035bff2bd85 ,172433674983 ,0.011667525 ,0.0037873648 ,0.016920967 ,3 ,Acc ,4
254f4035bff2bd85 ,172540364437 ,0.0086132 ,-0.0035430174 ,-1.832582E-4 ,3 ,Acc ,4
254f4035bff2bd85 ,172647164858 ,-0.028649582 ,-0.0053756144 ,-0.0038484503 ,3 ,Acc ,4
